# system = He/CBCS
# path = examples/acceptance_curve/He/CBCS
# code = CASINO, runtype vmc, vmc_method 3
# moves per point = 10000000
# dtvmc50 = 9.38343e-02, optimized DTVMC = 1.00000e-01
# fit p = C / (C + exp(a*sqrt(dtvmc/dtvmc50)) - 1) over 0.05 < p < 0.95, C = 1.40267, a = 0.87161, rms = 0.00283
#       dtvmc   dtvmc/dtvmc50  acceptance      error        fit   gaussian  efficiency
 8.19470e-04    0.0087     0.94561    0.00007    0.94295    0.94974  3.1614e+03
 3.29080e-03    0.0351     0.89179    0.00010    0.88778    0.89948  1.7875e+04
 7.45370e-03    0.0794     0.83815    0.00012    0.83436    0.84923  4.0969e+04
 1.33760e-02    0.1425     0.78620    0.00013    0.78258    0.79899  7.5824e+04
 2.11590e-02    0.2255     0.73489    0.00014    0.73232    0.74875  1.0827e+05
 3.09420e-02    0.3298     0.68464    0.00015    0.68348    0.69852  1.4490e+05
 4.29100e-02    0.4573     0.63672    0.00015    0.63596    0.64831  1.6404e+05
 5.73100e-02    0.6108     0.58913    0.00016    0.58964    0.59811  1.8164e+05
 7.44660e-02    0.7936     0.54258    0.00016    0.54442    0.54793  1.8669e+05
 9.48100e-02    1.0104     0.49810    0.00016    0.50019    0.49778  1.8003e+05
 1.18930e-01    1.2674     0.45381    0.00016    0.45682    0.44765  1.7787e+05
 1.47620e-01    1.5732     0.41118    0.00016    0.41418    0.39756  1.4586e+05
 1.82030e-01    1.9399     0.36925    0.00015    0.37211    0.34751  1.3107e+05
 2.23870e-01    2.3858     0.32829    0.00015    0.33036    0.29750  8.4559e+04
 2.75780e-01    2.9390     0.28730    0.00014    0.28869    0.24755  9.1083e+04
 3.42280e-01    3.6477     0.24692    0.00014    0.24666    0.19767  6.6870e+04
 4.31860e-01    4.6024     0.20547    0.00013    0.20358    0.14790  4.1752e+04
 5.63840e-01    6.0089     0.16139    0.00012    0.15808    0.09825  2.5482e+04
 8.00570e-01    8.5317     0.11275    0.00010    0.10661    0.04882  1.4043e+04
