# system = He/EBES
# path = examples/acceptance_curve/He/EBES
# code = CASINO, runtype vmc, vmc_method 1
# moves per point = 10000000
# dtvmc50 = 2.10850e-01, optimized DTVMC = 2.05520e-01
# fit p = C / (C + exp(a*sqrt(dtvmc/dtvmc50)) - 1) over 0.05 < p < 0.95, C = 0.99689, a = 0.68410, rms = 0.00450
#       dtvmc   dtvmc/dtvmc50  acceptance      error        fit   gaussian  efficiency
 1.82560e-03    0.0087     0.94271    0.00007    0.93815    0.94996  8.2680e+03
 7.33130e-03    0.0348     0.88611    0.00010    0.87991    0.89991  4.3417e+04
 1.66050e-02    0.0788     0.83133    0.00012    0.82488    0.84987  9.4528e+04
 2.98000e-02    0.1413     0.77828    0.00013    0.77268    0.79983  1.5372e+05
 4.71390e-02    0.2236     0.72692    0.00014    0.72302    0.74979  2.1117e+05
 6.89320e-02    0.3269     0.67821    0.00015    0.67560    0.69975  2.5827e+05
 9.55950e-02    0.4534     0.63058    0.00015    0.63016    0.64972  2.9163e+05
 1.27670e-01    0.6055     0.58556    0.00016    0.58648    0.59969  3.2599e+05
 1.65890e-01    0.7868     0.54164    0.00016    0.54432    0.54966  3.3112e+05
 2.11220e-01    1.0018     0.49970    0.00016    0.50346    0.49962  3.4767e+05
 2.64940e-01    1.2565     0.45915    0.00016    0.46370    0.44961  3.2623e+05
 3.28860e-01    1.5597     0.42004    0.00016    0.42480    0.39959  2.8412e+05
 4.05530e-01    1.9233     0.38223    0.00015    0.38649    0.34958  3.0823e+05
 4.98720e-01    2.3653     0.34492    0.00015    0.34849    0.29958  2.7863e+05
 6.14380e-01    2.9138     0.30821    0.00015    0.31040    0.24959  2.2202e+05
 7.62520e-01    3.6164     0.27096    0.00014    0.27166    0.19961  1.0360e+05
 9.62100e-01    4.5629     0.23315    0.00013    0.23138    0.14965  1.7497e+05
 1.25610e+00    5.9573     0.19300    0.00012    0.18782    0.09971  7.2744e+04
 1.78350e+00    8.4586     0.14627    0.00011    0.13638    0.04980  9.6843e+04
