TITLE
 generated from Orca output data.
BASIC_INFO
----------
Generated by:
 molden2qmc version: 4.0.5
Method:

DFT Functional:

Periodicity:
         0
Spin unrestricted:
    .false.
nuclear-nuclear repulsion energy (au/atom):
 0.0000000000000E+00
Number of electrons per primitive cell:
         5

GEOMETRY
--------
Number of atoms:
         1
Atomic positions (au):
 0.0000000000000E+00 0.0000000000000E+00 0.0000000000000E+00
Atomic numbers for each atom:
         5
Valence charges for each atom:
 5.0000000000000E+00

BASIS SET
---------
Number of Gaussian centres
         1
Number of shells per primitive cell
        15
Number of basis functions ('AO') per primitive cell
        55
Number of Gaussian primitives per primitive cell
        33
Highest shell angular momentum (s/p/d/f... 1/2/3/4...)
         5
Code for shell types (s/sp/p/d/f... 1/2/3/4/5...)
         1         1         1         1         1         3         3         3
         3         4         4         4         5         5         6
Number of primitive Gaussians in each shell
         9         9         1         1         1         3         1         1
         1         1         1         1         1         1         1
Sequence number of first shell on each centre
         1        16
Exponents of Gaussian primitives
 2.3870000000000E+04 3.5750000000000E+03 8.1280000000000E+02 2.2970000000000E+02
 7.4690000000000E+01 2.6810000000000E+01 1.0320000000000E+01 4.1780000000000E+00
 1.7270000000000E+00 2.3870000000000E+04 3.5750000000000E+03 8.1280000000000E+02
 2.2970000000000E+02 7.4690000000000E+01 2.6810000000000E+01 1.0320000000000E+01
 4.1780000000000E+00 1.7270000000000E+00 4.7040000000000E-01 1.8960000000000E-01
 7.3940000000000E-02 2.2260000000000E+01 5.0580000000000E+00 1.4870000000000E+00
 5.0710000000000E-01 1.8120000000000E-01 6.4630000000000E-02 1.1100000000000E+00
 4.0200000000000E-01 1.4500000000000E-01 8.8200000000000E-01 3.1100000000000E-01
 6.7300000000000E-01
Normalized contraction coefficients
 1.2120308100000E-01 2.2780090510000E-01 3.9303565090000E-01 6.3259326210000E-01
 9.3723233220000E-01 1.2109230210000E+00 1.2427224598000E+00 8.4574516310000E-01
 2.4347210840000E-01-7.5151633500000E-02-1.3971673900000E-01-2.3993985020000E-01
-3.9291114590000E-01-5.8445377030000E-01-8.0342345820000E-01-8.8893114580000E-01
-8.3929688790000E-01-4.0309287070000E-01 4.0481871040000E-01 2.0478061450000E-01
 1.0105776220000E-01 2.2349600230000E+00 2.2851210752000E+00 1.9711225683000E+00
 6.0996806930000E-01 1.6851471470000E-01 4.6449686000000E-02 1.9757166921698E+00
 3.3404505651431E-01 5.6079413130112E-02 1.1098358932292E+00 1.0633232866939E-01
 3.7452158438254E-01
Position of each shell (au)
 0.0000000000000E+00 0.0000000000000E+00 0.0000000000000E+00
 0.0000000000000E+00 0.0000000000000E+00 0.0000000000000E+00
 0.0000000000000E+00 0.0000000000000E+00 0.0000000000000E+00
 0.0000000000000E+00 0.0000000000000E+00 0.0000000000000E+00
 0.0000000000000E+00 0.0000000000000E+00 0.0000000000000E+00
 0.0000000000000E+00 0.0000000000000E+00 0.0000000000000E+00
 0.0000000000000E+00 0.0000000000000E+00 0.0000000000000E+00
 0.0000000000000E+00 0.0000000000000E+00 0.0000000000000E+00
 0.0000000000000E+00 0.0000000000000E+00 0.0000000000000E+00
 0.0000000000000E+00 0.0000000000000E+00 0.0000000000000E+00
 0.0000000000000E+00 0.0000000000000E+00 0.0000000000000E+00
 0.0000000000000E+00 0.0000000000000E+00 0.0000000000000E+00
 0.0000000000000E+00 0.0000000000000E+00 0.0000000000000E+00
 0.0000000000000E+00 0.0000000000000E+00 0.0000000000000E+00
 0.0000000000000E+00 0.0000000000000E+00 0.0000000000000E+00

MULTIDETERMINANT INFORMATION
----------------------------
GS

ORBITAL COEFFICIENTS
------------------------
 9.9372585855500E-01-4.3254640000000E-06 1.5406800128000E-02-3.9561504860000E-03
 1.1248651110000E-03 0.0000000000000E+00 0.0000000000000E+00 0.0000000000000E+00
 0.0000000000000E+00 0.0000000000000E+00 0.0000000000000E+00 0.0000000000000E+00
 0.0000000000000E+00 0.0000000000000E+00 0.0000000000000E+00 0.0000000000000E+00
 0.0000000000000E+00 3.2916015000000E-06 1.1973109512364E-05 1.6427863475863E-04
 6.2711859562861E-05-1.8380133458489E-05-1.5699319000000E-05-5.7105838101153E-05
-7.8352818928265E-04-2.9910468863622E-04 8.7664181868384E-05 9.0489350000000E-07
 3.2915252688240E-06 4.5161801061595E-05 1.7240102813100E-05-5.0528771799045E-06
 0.0000000000000E+00 0.0000000000000E+00 0.0000000000000E+00 0.0000000000000E+00
 0.0000000000000E+00 0.0000000000000E+00 0.0000000000000E+00 0.0000000000000E+00
 0.0000000000000E+00 0.0000000000000E+00 0.0000000000000E+00 0.0000000000000E+00
 0.0000000000000E+00 0.0000000000000E+00 4.1379400000000E-07-8.9852957436024E-09
-1.2328550554262E-07 3.6662123345491E-08-5.3726005295387E-09-3.4012421331061E-09
-1.5334962342052E-08-2.8950547707162E-09 8.6712826535146E-10 8.4735970000000E-06
-3.2783128206500E-01-2.6185456420900E-01-5.8675480805000E-01-2.9033907379300E-01
 0.0000000000000E+00 0.0000000000000E+00 0.0000000000000E+00 0.0000000000000E+00
 0.0000000000000E+00 0.0000000000000E+00 0.0000000000000E+00 0.0000000000000E+00
 0.0000000000000E+00 0.0000000000000E+00 0.0000000000000E+00 0.0000000000000E+00
 3.8863241000000E-05 1.4136396110901E-04 1.9396028905846E-03 7.4042558705311E-04
-2.1701031710933E-04-2.8178955500000E-05-1.0250016871571E-04-1.4063670934798E-03
-5.3686771972076E-04 1.5734982184647E-04 1.8979966300000E-04 6.9039100918663E-04
 9.4726009406324E-03 3.6160783971407E-03-1.0598314466171E-03 0.0000000000000E+00
 0.0000000000000E+00 0.0000000000000E+00 0.0000000000000E+00 0.0000000000000E+00
 0.0000000000000E+00 0.0000000000000E+00 0.0000000000000E+00 0.0000000000000E+00
 0.0000000000000E+00 0.0000000000000E+00 0.0000000000000E+00 0.0000000000000E+00
 0.0000000000000E+00-8.5245550000000E-06 1.8510835002668E-07 2.5398016439747E-06
-7.5527638261771E-07 1.1068148903508E-07 7.0068743345514E-08 3.1591505703331E-07
 5.9640901791299E-08-1.7863694463447E-08 0.0000000000000E+00 0.0000000000000E+00
 0.0000000000000E+00 0.0000000000000E+00 0.0000000000000E+00-9.5756125380000E-03
-1.3138345544700E-01 8.5585266067000E-02-2.0220343388000E-02-2.7743588979300E-01
 1.8072613757700E-01-2.8773113415000E-02-3.9478529959100E-01 2.5716940378800E-01
-1.5734969001000E-02-2.1589371861000E-01 1.4063659146900E-01 0.0000000000000E+00
 0.0000000000000E+00 0.0000000000000E+00 0.0000000000000E+00 0.0000000000000E+00
 0.0000000000000E+00 0.0000000000000E+00 0.0000000000000E+00 0.0000000000000E+00
 0.0000000000000E+00 0.0000000000000E+00 0.0000000000000E+00 0.0000000000000E+00
 0.0000000000000E+00 0.0000000000000E+00 1.8973569000000E-05 3.3893793695036E-07
 4.6504440500563E-06 4.3540843046777E-06-6.3806626032098E-07-2.4444311444772E-07
-1.1021071016519E-06 2.5769009000000E-05 4.6032974962321E-07 6.3160142007459E-06
 5.9135123889514E-06-8.6659164266395E-07-3.3199114040187E-07-1.4968299778420E-06
 0.0000000000000E+00 0.0000000000000E+00 0.0000000000000E+00 0.0000000000000E+00
 0.0000000000000E+00 0.0000000000000E+00 0.0000000000000E+00 0.0000000000000E+00
 0.0000000000000E+00 0.0000000000000E+00 0.0000000000000E+00 0.0000000000000E+00
 0.0000000000000E+00 0.0000000000000E+00 2.5724766259000E-02 4.4986043110000E-02
 7.1937057252000E-02 6.4639929812000E-02 1.1303872073700E-01 1.8075990603300E-01
 5.2082590530000E-02 9.1079142929000E-02 1.4564440582800E-01 2.0848278710400E-01
 3.6458312406400E-01 5.8300386643800E-01 0.0000000000000E+00 0.0000000000000E+00
 0.0000000000000E+00 0.0000000000000E+00 0.0000000000000E+00 0.0000000000000E+00
 0.0000000000000E+00 0.0000000000000E+00 0.0000000000000E+00 0.0000000000000E+00
 0.0000000000000E+00 0.0000000000000E+00 0.0000000000000E+00 0.0000000000000E+00
 0.0000000000000E+00-1.3841380400000E-04 7.5764538531659E-06 2.0271566127720E-04
 7.1305842373537E-06 1.2650457185151E-05 7.4477226641591E-06 9.4985601817986E-06
-1.6663043520000E-03 9.1209674855036E-05 2.4404067943587E-03 8.5842040949018E-05
 1.5229342235039E-04 8.9659934853698E-05 1.1434908722745E-04 0.0000000000000E+00
 0.0000000000000E+00 0.0000000000000E+00 0.0000000000000E+00 0.0000000000000E+00
 0.0000000000000E+00 0.0000000000000E+00 0.0000000000000E+00 0.0000000000000E+00
 0.0000000000000E+00 0.0000000000000E+00 0.0000000000000E+00 0.0000000000000E+00
 0.0000000000000E+00-8.4672773418000E-02 1.8399969087000E-02 1.8772598625000E-02
-2.1276158841200E-01 4.6234539058000E-02 4.7170864267000E-02-1.7142925003300E-01
 3.7252741040000E-02 3.8007170115000E-02-6.8621870521800E-01 1.4911998808500E-01
 1.5213991229900E-01 0.0000000000000E+00 0.0000000000000E+00 0.0000000000000E+00
 0.0000000000000E+00 0.0000000000000E+00 0.0000000000000E+00 0.0000000000000E+00
 0.0000000000000E+00 0.0000000000000E+00 0.0000000000000E+00 0.0000000000000E+00
 0.0000000000000E+00 0.0000000000000E+00 0.0000000000000E+00 0.0000000000000E+00
-3.6120282000000E-05 3.1283007093932E-05 5.0764511003305E-05-6.1810614350930E-06
-5.1575322985988E-05-1.8892011946273E-05 7.0999788484116E-06-4.3483656400000E-04
 3.7660268989404E-04 6.1113215085323E-04-7.4411144133168E-05-6.2089316685412E-04
-2.2743281935434E-04 8.5473596527555E-05 0.0000000000000E+00 0.0000000000000E+00
 0.0000000000000E+00 0.0000000000000E+00 0.0000000000000E+00 0.0000000000000E+00
 0.0000000000000E+00 0.0000000000000E+00 0.0000000000000E+00-8.0432442375000E-02
 7.4682415171000E-02-2.7858375136600E-01 2.1394763996880E+00-2.0728976181000E+00
 0.0000000000000E+00 0.0000000000000E+00 0.0000000000000E+00 0.0000000000000E+00
 0.0000000000000E+00 0.0000000000000E+00 0.0000000000000E+00 0.0000000000000E+00
 0.0000000000000E+00 0.0000000000000E+00 0.0000000000000E+00 0.0000000000000E+00
-6.8583259000000E-05-2.4946970095323E-04-3.4228819617142E-03-1.3066537477481E-03
 3.8296535015104E-04 4.5938692900000E-04 1.6710072108464E-03 2.2927274951443E-02
 8.7522766103368E-03-2.5651927210128E-03-1.2087416840000E-03-4.3967643447418E-03
-6.0326385394930E-02-2.3029043485443E-02 6.7495506973083E-03 0.0000000000000E+00
 0.0000000000000E+00 0.0000000000000E+00 0.0000000000000E+00 0.0000000000000E+00
 0.0000000000000E+00 0.0000000000000E+00 0.0000000000000E+00 0.0000000000000E+00
 0.0000000000000E+00 0.0000000000000E+00 0.0000000000000E+00 0.0000000000000E+00
 0.0000000000000E+00 1.8772962000000E-05-4.0764921317231E-07-5.5932065114922E-06
 1.6632861213333E-06-2.4374512409774E-07-1.5430692185469E-07-6.9571504339458E-07
-1.3134249990223E-07 3.9339824714928E-08 0.0000000000000E+00 0.0000000000000E+00
 0.0000000000000E+00 0.0000000000000E+00 0.0000000000000E+00 6.9774837660000E-03
 9.5735486784000E-02-6.2363614054000E-02 1.7693457250000E-03 2.4276541504000E-02
-1.5814124060000E-02 5.9995467924000E-02 8.2317573481100E-01-5.3622972576000E-01
-8.5734300803000E-02-1.1763287878960E+00 7.6627922406100E-01 0.0000000000000E+00
 0.0000000000000E+00 0.0000000000000E+00 0.0000000000000E+00 0.0000000000000E+00
 0.0000000000000E+00 0.0000000000000E+00 0.0000000000000E+00 0.0000000000000E+00
 0.0000000000000E+00 0.0000000000000E+00 0.0000000000000E+00 0.0000000000000E+00
 0.0000000000000E+00 0.0000000000000E+00-1.0522697930000E-03-1.8797425927444E-05
-2.5791256438665E-04-2.4147651600821E-04 3.5387010025284E-05 1.3556759485941E-05
 6.1122605635788E-05-1.0807654400000E-04-1.9306461739361E-06-2.6489688389662E-05
-2.4801574242260E-05 3.6345297001559E-06 1.3923879051254E-06 6.2777816498282E-06
 0.0000000000000E+00 0.0000000000000E+00 0.0000000000000E+00 0.0000000000000E+00
 0.0000000000000E+00 0.0000000000000E+00 0.0000000000000E+00 0.0000000000000E+00
 0.0000000000000E+00 0.0000000000000E+00 0.0000000000000E+00 0.0000000000000E+00
 0.0000000000000E+00 0.0000000000000E+00 1.4307135904100E-01-3.3666609413000E-02
-3.5674827208000E-02 9.1686250423000E-02-2.1575004265000E-02-2.2861956181000E-02
 1.1054362279970E+00-2.6012396868700E-01-2.7564039852100E-01-1.1752986896580E+00
 2.7656354279300E-01 2.9306059544000E-01 0.0000000000000E+00 0.0000000000000E+00
 0.0000000000000E+00 0.0000000000000E+00 0.0000000000000E+00 0.0000000000000E+00
 0.0000000000000E+00 0.0000000000000E+00 0.0000000000000E+00 0.0000000000000E+00
 0.0000000000000E+00 0.0000000000000E+00 0.0000000000000E+00 0.0000000000000E+00
 0.0000000000000E+00 1.6336639000000E-04-1.2787384920588E-04-2.3059220095293E-04
 2.4220061542959E-05 2.0777372236521E-04 7.5766271101963E-05-2.9965252796604E-05
 2.7534380600000E-04-2.1552335361085E-04-3.8864869379625E-04 4.0821394740780E-05
 3.5018957939185E-04 1.2769929854246E-04-5.0504554468765E-05 0.0000000000000E+00
 0.0000000000000E+00 0.0000000000000E+00 0.0000000000000E+00 0.0000000000000E+00
 0.0000000000000E+00 0.0000000000000E+00 0.0000000000000E+00 0.0000000000000E+00
 0.0000000000000E+00 0.0000000000000E+00 0.0000000000000E+00 0.0000000000000E+00
 0.0000000000000E+00-4.8178201748000E-02-7.5771730412000E-02-1.2170888796700E-01
-3.0874653739000E-02-4.8557767929000E-02-7.7996264631000E-02-3.7224731748400E-01
-5.8544782419600E-01-9.4037978621400E-01 3.9577297485600E-01 6.2244753990700E-01
 9.9981084618600E-01 0.0000000000000E+00 0.0000000000000E+00 0.0000000000000E+00
 0.0000000000000E+00 0.0000000000000E+00 0.0000000000000E+00 0.0000000000000E+00
 0.0000000000000E+00 0.0000000000000E+00 0.0000000000000E+00 0.0000000000000E+00
 0.0000000000000E+00 0.0000000000000E+00 0.0000000000000E+00 0.0000000000000E+00
 5.5734374200000E-04-2.6954946512648E-05-8.1652365554610E-04-2.9687275343590E-05
-5.7591669666853E-05-3.2515270811016E-05-3.7687126434576E-05 9.3936792500000E-04
-4.5430872012372E-05-1.3761994161975E-03-5.0036040740987E-05-9.7067147440263E-05
-5.4802449886950E-05-6.3519288179554E-05 0.0000000000000E+00 0.0000000000000E+00
 0.0000000000000E+00 0.0000000000000E+00 0.0000000000000E+00 0.0000000000000E+00
 0.0000000000000E+00 0.0000000000000E+00 0.0000000000000E+00 0.0000000000000E+00
 0.0000000000000E+00 0.0000000000000E+00 0.0000000000000E+00 0.0000000000000E+00
 0.0000000000000E+00 0.0000000000000E+00 0.0000000000000E+00 0.0000000000000E+00
 0.0000000000000E+00 0.0000000000000E+00 0.0000000000000E+00 0.0000000000000E+00
 0.0000000000000E+00 0.0000000000000E+00 0.0000000000000E+00 0.0000000000000E+00
 4.5414450555000E-03 8.6298188501642E-02 5.5438115504693E-03-4.2518053701535E-03
 5.7497764207497E-02-1.3593039561500E-02-2.5829987505734E-01-1.6593231626005E-02
 1.2726116446283E-02-1.7209706911276E-01 8.2054451444000E-02 1.5592284904354E+00
 1.0016512587960E-01-7.6821265712327E-02 1.0388648202864E+00 0.0000000000000E+00
 0.0000000000000E+00 0.0000000000000E+00 0.0000000000000E+00 0.0000000000000E+00
 0.0000000000000E+00 0.0000000000000E+00 0.0000000000000E+00 0.0000000000000E+00
 0.0000000000000E+00 0.0000000000000E+00 0.0000000000000E+00 0.0000000000000E+00
 0.0000000000000E+00-2.2374632900000E-04-2.0293299607531E-04 1.1878124009515E-04
 1.4770751231930E-05 1.2308334463415E-04 2.9126664428184E-06-3.3799432588901E-06
-1.0289513590948E-08 7.7852044873656E-06 0.0000000000000E+00 0.0000000000000E+00
 0.0000000000000E+00 0.0000000000000E+00 0.0000000000000E+00 0.0000000000000E+00
 0.0000000000000E+00 0.0000000000000E+00 0.0000000000000E+00 0.0000000000000E+00
 0.0000000000000E+00 0.0000000000000E+00 0.0000000000000E+00 0.0000000000000E+00
 0.0000000000000E+00 0.0000000000000E+00 0.0000000000000E+00 1.7959241336500E-02
-1.8213131802570E-02 4.8123164856228E-02-3.3790798784736E-02-4.3209326714294E-03
-5.3753964874500E-02 5.4513886682995E-02-1.4403787247164E-01 1.0113954019015E-01
 1.2933021985909E-02 3.2448607839000E-01-3.2907335019116E-01 8.6948533912110E-01
-6.1052934129096E-01-7.8070252038275E-02 0.0000000000000E+00 0.0000000000000E+00
 0.0000000000000E+00 0.0000000000000E+00 0.0000000000000E+00 0.0000000000000E+00
 0.0000000000000E+00 0.0000000000000E+00 0.0000000000000E+00 0.0000000000000E+00
 0.0000000000000E+00 0.0000000000000E+00 0.0000000000000E+00 0.0000000000000E+00
-8.8480962800000E-04 8.3036746047790E-05 4.0518221759558E-04-1.7189317909874E-05
-2.9153082772654E-05-3.1681762395741E-06-1.0108675445751E-05-9.0403604601117E-06
 7.3987189611114E-07 0.0000000000000E+00 0.0000000000000E+00 0.0000000000000E+00
 0.0000000000000E+00 0.0000000000000E+00 0.0000000000000E+00 0.0000000000000E+00
 0.0000000000000E+00 0.0000000000000E+00 0.0000000000000E+00 0.0000000000000E+00
 0.0000000000000E+00 0.0000000000000E+00 0.0000000000000E+00 0.0000000000000E+00
 0.0000000000000E+00 0.0000000000000E+00 1.6213509799000E-02 4.1866460121215E-02
-3.1971590982211E-02 1.1123405767203E-02-7.1831838861374E-02-4.6485957108500E-02
-1.2003585242157E-01 9.1666149126914E-02-3.1892056056100E-02 2.0594996528866E-01
 2.8615898376350E-01 7.3891858274666E-01-5.6427991831419E-01 1.9632161880446E-01
-1.2677900260485E+00 0.0000000000000E+00 0.0000000000000E+00 0.0000000000000E+00
 0.0000000000000E+00 0.0000000000000E+00 0.0000000000000E+00 0.0000000000000E+00
 0.0000000000000E+00 0.0000000000000E+00 0.0000000000000E+00 0.0000000000000E+00
 0.0000000000000E+00 0.0000000000000E+00 0.0000000000000E+00 6.7482233900000E-04
 1.2114349376253E-04 4.0020461926566E-04 1.0074966470916E-04 4.0817793891663E-05
 3.4901012188066E-05-4.1406771848353E-06 1.5332883569138E-06-9.8238112774768E-06
 0.0000000000000E+00 0.0000000000000E+00 0.0000000000000E+00 0.0000000000000E+00
 0.0000000000000E+00 0.0000000000000E+00 0.0000000000000E+00 0.0000000000000E+00
 0.0000000000000E+00 0.0000000000000E+00 0.0000000000000E+00 0.0000000000000E+00
 0.0000000000000E+00 0.0000000000000E+00 0.0000000000000E+00 0.0000000000000E+00
 0.0000000000000E+00 1.8481777624000E-02-4.0957500267889E-02-2.9981074920595E-02
 2.2601552131977E-02 5.3531635920740E-02-5.2989336211500E-02 1.1742976223803E-01
 8.5959115582745E-02-6.4801193325004E-02-1.5348122412825E-01 3.2619258683250E-01
-7.2287597193260E-01-5.2914847171685E-01 3.9890420208994E-01 9.4480212639659E-01
 0.0000000000000E+00 0.0000000000000E+00 0.0000000000000E+00 0.0000000000000E+00
 0.0000000000000E+00 0.0000000000000E+00 0.0000000000000E+00 0.0000000000000E+00
 0.0000000000000E+00 0.0000000000000E+00 0.0000000000000E+00 0.0000000000000E+00
 0.0000000000000E+00 0.0000000000000E+00 7.6922989200000E-04-4.6458251863999E-05
 4.6964371620705E-04 9.8759626595485E-05-6.3233158870583E-05-2.9082389017035E-05
 1.0554267986142E-05 6.9399176561063E-06 6.1365969311938E-06 6.6750697630000E-03
 3.3618423550000E-03 2.6107181572000E-02-9.9604195762000E-02 7.8255990555000E-02
 0.0000000000000E+00 0.0000000000000E+00 0.0000000000000E+00 0.0000000000000E+00
 0.0000000000000E+00 0.0000000000000E+00 0.0000000000000E+00 0.0000000000000E+00
 0.0000000000000E+00 0.0000000000000E+00 0.0000000000000E+00 0.0000000000000E+00
-1.7108139330000E-03-6.2230382226079E-03-8.5384017137799E-02-3.2594564232929E-02
 9.5530960239121E-03 4.8269667505000E-03 1.7557957654075E-02 2.4090627497970E-01
 9.1963757586058E-02-2.6953531291918E-02-2.9988935974000E-02-1.0908392270501E-01
-1.4967003564784E+00-5.7135161288053E-01 1.6745665880732E-01 0.0000000000000E+00
 0.0000000000000E+00 0.0000000000000E+00 0.0000000000000E+00 0.0000000000000E+00
 0.0000000000000E+00 0.0000000000000E+00 0.0000000000000E+00 0.0000000000000E+00
 0.0000000000000E+00 0.0000000000000E+00 0.0000000000000E+00 0.0000000000000E+00
 0.0000000000000E+00 1.1900855300000E-03-2.5842355663243E-05-3.5457345226930E-04
 1.0544168396152E-04-1.5451879078664E-05-9.7820708018890E-06-4.4103877118237E-05
-8.3262731920413E-06 2.4938929013682E-06 0.0000000000000E+00 0.0000000000000E+00
 0.0000000000000E+00 0.0000000000000E+00 0.0000000000000E+00 1.6827876503900E-01
-3.2520228698000E-02-3.1094695246000E-02 1.3275440710670E+00-2.5655071088300E-01
-2.4530473768100E-01-1.7941182138350E+00 3.4671715478100E-01 3.3151870992900E-01
 7.3888889089100E-01-1.4279184725600E-01-1.3653252611800E-01 0.0000000000000E+00
 0.0000000000000E+00 0.0000000000000E+00 0.0000000000000E+00 0.0000000000000E+00
 0.0000000000000E+00 0.0000000000000E+00 0.0000000000000E+00 0.0000000000000E+00
 0.0000000000000E+00 0.0000000000000E+00 0.0000000000000E+00 0.0000000000000E+00
 0.0000000000000E+00 0.0000000000000E+00 5.2324565900000E-04-5.3177832397043E-04
-7.2965583883982E-04 1.1111055019676E-04 8.9432455393639E-04 3.2956018625233E-04
-1.1524717682358E-04-2.0748759670000E-03 2.1087113592609E-03 2.8933739616102E-03
-4.4059727294490E-04-3.5463505382614E-03-1.3068364709779E-03 4.5700063334193E-04
 0.0000000000000E+00 0.0000000000000E+00 0.0000000000000E+00 0.0000000000000E+00
 0.0000000000000E+00 0.0000000000000E+00 0.0000000000000E+00 0.0000000000000E+00
 0.0000000000000E+00 0.0000000000000E+00 0.0000000000000E+00 0.0000000000000E+00
 0.0000000000000E+00 0.0000000000000E+00 4.3723083896000E-02 8.9784087157000E-02
 1.4272104868600E-01 3.4492956245600E-01 7.0830287204400E-01 1.1259203260470E+00
-4.6615733818500E-01-9.5724060040000E-01-1.5216324702990E+00 1.9198204217300E-01
 3.9422956641900E-01 6.2666847683300E-01 0.0000000000000E+00 0.0000000000000E+00
 0.0000000000000E+00 0.0000000000000E+00 0.0000000000000E+00 0.0000000000000E+00
 0.0000000000000E+00 0.0000000000000E+00 0.0000000000000E+00 0.0000000000000E+00
 0.0000000000000E+00 0.0000000000000E+00 0.0000000000000E+00 0.0000000000000E+00
 0.0000000000000E+00-2.4016369530000E-03 1.5197311444017E-04 3.5158522648945E-03
 1.1809475012277E-04 1.8108825595307E-04 1.1464233941242E-04 1.6804552607556E-04
 9.5234403040000E-03-6.0263350003775E-04-1.3941744659113E-02-4.6829238751466E-04
-7.1808655070087E-04-4.5460221391716E-04-6.6636696861753E-04 0.0000000000000E+00
 0.0000000000000E+00 0.0000000000000E+00 0.0000000000000E+00 0.0000000000000E+00
 0.0000000000000E+00 0.0000000000000E+00 0.0000000000000E+00 0.0000000000000E+00
 0.0000000000000E+00 0.0000000000000E+00 0.0000000000000E+00 0.0000000000000E+00
 0.0000000000000E+00-1.0244007401000E-02-1.4055425537800E-01 9.1559270552000E-02
-8.1954519929000E-02-1.1244678056340E+00 7.3249615791900E-01 1.1635964300200E-01
 1.5965278369430E+00-1.0400035472000E+00-4.7164132782000E-02-6.4712170773800E-01
 4.2154534104800E-01 0.0000000000000E+00 0.0000000000000E+00 0.0000000000000E+00
 0.0000000000000E+00 0.0000000000000E+00 0.0000000000000E+00 0.0000000000000E+00
 0.0000000000000E+00 0.0000000000000E+00 0.0000000000000E+00 0.0000000000000E+00
 0.0000000000000E+00 0.0000000000000E+00 0.0000000000000E+00 0.0000000000000E+00
 5.0393524600000E-03 9.0021452283958E-05 1.2351512174786E-03 1.1564384754935E-03
-1.6946948148970E-04-6.4923738961746E-05-2.9271804159581E-04-2.1381358810000E-02
-3.8195005990797E-04-5.2405962016459E-03-4.9066276231497E-03 7.1903837250605E-04
 2.7546351815934E-04 1.2419670039213E-03 0.0000000000000E+00 0.0000000000000E+00
 0.0000000000000E+00 0.0000000000000E+00 0.0000000000000E+00 0.0000000000000E+00
 0.0000000000000E+00 0.0000000000000E+00 0.0000000000000E+00 0.0000000000000E+00
 0.0000000000000E+00 0.0000000000000E+00 0.0000000000000E+00 0.0000000000000E+00
 0.0000000000000E+00 0.0000000000000E+00 0.0000000000000E+00 0.0000000000000E+00
 0.0000000000000E+00 0.0000000000000E+00 0.0000000000000E+00 0.0000000000000E+00
 0.0000000000000E+00 0.0000000000000E+00 0.0000000000000E+00 0.0000000000000E+00
 0.0000000000000E+00 0.0000000000000E+00 0.0000000000000E+00 0.0000000000000E+00
 0.0000000000000E+00 0.0000000000000E+00 0.0000000000000E+00 0.0000000000000E+00
 0.0000000000000E+00 0.0000000000000E+00 0.0000000000000E+00 0.0000000000000E+00
 0.0000000000000E+00 0.0000000000000E+00 0.0000000000000E+00 1.1696062822000E-02
 3.5753679000301E-02 1.2036671350377E-03-7.9381941972733E-04 9.4593055997453E-03
-3.2406363492090E-03 1.1055712387425E-04-9.5672010635000E-02-2.9245964300672E-01
-9.8458136446807E-03 6.4933218232468E-03-7.7375677584169E-02 2.6507911250232E-02
-9.0434041693682E-04 0.0000000000000E+00 0.0000000000000E+00 0.0000000000000E+00
 0.0000000000000E+00 0.0000000000000E+00 0.0000000000000E+00 0.0000000000000E+00
 0.0000000000000E+00 0.0000000000000E+00 0.0000000000000E+00 0.0000000000000E+00
 0.0000000000000E+00 0.0000000000000E+00 0.0000000000000E+00 0.0000000000000E+00
 0.0000000000000E+00 0.0000000000000E+00 0.0000000000000E+00 0.0000000000000E+00
 0.0000000000000E+00 0.0000000000000E+00 0.0000000000000E+00 0.0000000000000E+00
 0.0000000000000E+00 0.0000000000000E+00 0.0000000000000E+00 0.0000000000000E+00
 0.0000000000000E+00 0.0000000000000E+00 0.0000000000000E+00 0.0000000000000E+00
 0.0000000000000E+00 0.0000000000000E+00 0.0000000000000E+00 0.0000000000000E+00
 0.0000000000000E+00 0.0000000000000E+00 0.0000000000000E+00 0.0000000000000E+00
 0.0000000000000E+00 0.0000000000000E+00 5.9657941641000E-02-5.5467267777012E-03
 1.9835326310775E-02-1.1148639045733E-02-1.9794009461742E-04-4.5680299304365E-05
-3.0921237026920E-03-4.8799286682200E-01 4.5371379354185E-02-1.6224994501321E-01
 9.1194167606830E-02 1.6191197949872E-03 3.7365788364615E-04 2.5293100444594E-02
 0.0000000000000E+00 0.0000000000000E+00 0.0000000000000E+00 0.0000000000000E+00
 0.0000000000000E+00 0.0000000000000E+00 0.0000000000000E+00 0.0000000000000E+00
 0.0000000000000E+00 0.0000000000000E+00 0.0000000000000E+00 0.0000000000000E+00
 0.0000000000000E+00 0.0000000000000E+00 0.0000000000000E+00 0.0000000000000E+00
 0.0000000000000E+00 0.0000000000000E+00 0.0000000000000E+00 0.0000000000000E+00
 0.0000000000000E+00 0.0000000000000E+00 0.0000000000000E+00 0.0000000000000E+00
 0.0000000000000E+00 0.0000000000000E+00 0.0000000000000E+00 0.0000000000000E+00
 0.0000000000000E+00 0.0000000000000E+00 0.0000000000000E+00 0.0000000000000E+00
 0.0000000000000E+00 0.0000000000000E+00 0.0000000000000E+00 0.0000000000000E+00
 0.0000000000000E+00 0.0000000000000E+00 0.0000000000000E+00 0.0000000000000E+00
 0.0000000000000E+00 9.6836490170000E-02 1.5937832764975E-03-3.9967270088979E-03
 4.4909050066100E-04-4.0385074868231E-04 1.1755545591893E-03 4.4318922137555E-03
-7.9053618498800E-01-1.3011039010430E-02 3.2627755472938E-02-3.6662036225651E-03
 3.2968835364355E-03-9.5967792185852E-03-3.6180278289375E-02 0.0000000000000E+00
 0.0000000000000E+00 0.0000000000000E+00 0.0000000000000E+00 0.0000000000000E+00
 0.0000000000000E+00 0.0000000000000E+00 0.0000000000000E+00 0.0000000000000E+00
 0.0000000000000E+00 0.0000000000000E+00 0.0000000000000E+00 0.0000000000000E+00
 0.0000000000000E+00 0.0000000000000E+00 0.0000000000000E+00 0.0000000000000E+00
 0.0000000000000E+00 0.0000000000000E+00 0.0000000000000E+00 0.0000000000000E+00
 0.0000000000000E+00 0.0000000000000E+00 0.0000000000000E+00 0.0000000000000E+00
 0.0000000000000E+00 0.0000000000000E+00 0.0000000000000E+00 0.0000000000000E+00
 0.0000000000000E+00 0.0000000000000E+00 0.0000000000000E+00 0.0000000000000E+00
 0.0000000000000E+00 0.0000000000000E+00 0.0000000000000E+00 0.0000000000000E+00
 0.0000000000000E+00 0.0000000000000E+00 0.0000000000000E+00 0.0000000000000E+00
 4.7297118030000E-03-3.8405013306205E-02 2.6095346587315E-03 1.0172190317725E-03
 6.7719711598252E-03-3.7095338562212E-03 1.0519587675368E-03-3.8611563864000E-02
 3.1352388598468E-01-2.1303246019601E-02-8.3041883407514E-03-5.5283790605159E-02
 3.0283220071268E-02-8.5877902989246E-03 0.0000000000000E+00 0.0000000000000E+00
 0.0000000000000E+00 0.0000000000000E+00 0.0000000000000E+00 0.0000000000000E+00
 0.0000000000000E+00 0.0000000000000E+00 0.0000000000000E+00 0.0000000000000E+00
 0.0000000000000E+00 0.0000000000000E+00 0.0000000000000E+00 0.0000000000000E+00
 3.2704179850000E-03-1.2742385490000E-03-1.5901990420000E-03 3.9163505407000E-02
-1.5259104038000E-02-1.9042755103000E-02-6.0788067340000E-02 2.3684586816000E-02
 2.9557422594000E-02 2.3413521577000E-02-9.1225072410000E-03-1.1384526305000E-02
 0.0000000000000E+00 0.0000000000000E+00 0.0000000000000E+00 0.0000000000000E+00
 0.0000000000000E+00 0.0000000000000E+00 0.0000000000000E+00 0.0000000000000E+00
 0.0000000000000E+00 0.0000000000000E+00 0.0000000000000E+00 0.0000000000000E+00
 0.0000000000000E+00 0.0000000000000E+00 0.0000000000000E+00-1.5976784930000E-02
 7.3030854914600E-03 2.2930467532875E-02-9.4099821344928E-04-1.0577545442357E-02
-3.7108279654382E-03 2.1101164778737E-03 1.3043103510100E-01-5.9620818849017E-02
-1.8719940393749E-01 7.6821069790127E-03 8.6352805457452E-02 3.0294401203920E-02
-1.7226536978814E-02 0.0000000000000E+00 0.0000000000000E+00 0.0000000000000E+00
 0.0000000000000E+00 0.0000000000000E+00 0.0000000000000E+00 0.0000000000000E+00
 0.0000000000000E+00 0.0000000000000E+00 0.0000000000000E+00 0.0000000000000E+00
 0.0000000000000E+00 0.0000000000000E+00 0.0000000000000E+00 2.0241661270000E-03
 1.6848161860000E-03 2.8128627030000E-03 2.4239544119000E-02 2.0175802632000E-02
 3.3684245913000E-02-3.7623676045000E-02-3.1316094826000E-02-5.2283374218000E-02
 1.4491376177000E-02 1.2061907772000E-02 2.0137799472000E-02 0.0000000000000E+00
 0.0000000000000E+00 0.0000000000000E+00 0.0000000000000E+00 0.0000000000000E+00
 0.0000000000000E+00 0.0000000000000E+00 0.0000000000000E+00 0.0000000000000E+00
 0.0000000000000E+00 0.0000000000000E+00 0.0000000000000E+00 0.0000000000000E+00
 0.0000000000000E+00 0.0000000000000E+00 2.8260929134000E-02 1.5818324169006E-04
-4.1514170056682E-02-1.9238059657024E-03-5.7758516218267E-03-2.7329428851840E-03
-1.6705075376647E-03-2.3071614570900E-01-1.2913739542366E-03 3.3891275345074E-01
 1.5705538037896E-02 4.7152810088463E-02 2.2311157780310E-02 1.3637664163464E-02
 0.0000000000000E+00 0.0000000000000E+00 0.0000000000000E+00 0.0000000000000E+00
 0.0000000000000E+00 0.0000000000000E+00 0.0000000000000E+00 0.0000000000000E+00
 0.0000000000000E+00 0.0000000000000E+00 0.0000000000000E+00 0.0000000000000E+00
 0.0000000000000E+00 0.0000000000000E+00 4.0301087500000E-04 5.5295638870000E-03
-3.6020455920000E-03 3.8240198940000E-03 5.2467969587000E-02-3.4178467310000E-02
-5.4688085960000E-03-7.5035510027000E-02 4.8879320979000E-02 2.2999259510000E-03
 3.1556437511000E-02-2.0556363747000E-02 0.0000000000000E+00 0.0000000000000E+00
 0.0000000000000E+00 0.0000000000000E+00 0.0000000000000E+00 0.0000000000000E+00
 0.0000000000000E+00 0.0000000000000E+00 0.0000000000000E+00 0.0000000000000E+00
 0.0000000000000E+00 0.0000000000000E+00 0.0000000000000E+00 0.0000000000000E+00
 0.0000000000000E+00 5.3873348703000E-02 9.6237703870584E-04 1.3204421154771E-02
 1.2362940225108E-02-1.8117185778429E-03-6.9406917967574E-04-3.1293110075834E-03
-4.4007683093800E-01-7.8613980281952E-03-1.0786334906012E-01-1.0098951868229E-01
 1.4799439602323E-02 5.6696636167232E-03 2.5562496194761E-02 0.0000000000000E+00
 0.0000000000000E+00 0.0000000000000E+00 0.0000000000000E+00 0.0000000000000E+00
 0.0000000000000E+00 0.0000000000000E+00 0.0000000000000E+00 0.0000000000000E+00
-5.1259648967800E-01-1.1848591401370E+00-3.1100630011560E+00 3.6830659849400E+00
-1.3952262620610E+00 0.0000000000000E+00 0.0000000000000E+00 0.0000000000000E+00
 0.0000000000000E+00 0.0000000000000E+00 0.0000000000000E+00 0.0000000000000E+00
 0.0000000000000E+00 0.0000000000000E+00 0.0000000000000E+00 0.0000000000000E+00
 0.0000000000000E+00-4.6936991450000E-04-1.7073200440065E-03-2.3425509969855E-02
-8.9424732524101E-03 2.6209371931600E-03 2.9028102680000E-03 1.0558891824120E-02
 1.4487466865895E-01 5.5304573989058E-02-1.6209141565198E-02-1.7433271750000E-03
-6.3413042400393E-03-8.7006701631070E-02-3.3214009132473E-02 9.7346482783990E-03
 0.0000000000000E+00 0.0000000000000E+00 0.0000000000000E+00 0.0000000000000E+00
 0.0000000000000E+00 0.0000000000000E+00 0.0000000000000E+00 0.0000000000000E+00
 0.0000000000000E+00 0.0000000000000E+00 0.0000000000000E+00 0.0000000000000E+00
 0.0000000000000E+00 0.0000000000000E+00-2.5955263200000E-04 5.6361088162799E-06
 7.7330973519567E-05-2.2996386298370E-05 3.3699896019078E-06 2.1334283660325E-06
 9.6188694668151E-06 1.8159250470258E-06-5.4390751443080E-07 0.0000000000000E+00
 0.0000000000000E+00 0.0000000000000E+00 0.0000000000000E+00 0.0000000000000E+00
 0.0000000000000E+00 0.0000000000000E+00 0.0000000000000E+00 0.0000000000000E+00
 0.0000000000000E+00 0.0000000000000E+00 0.0000000000000E+00 0.0000000000000E+00
 0.0000000000000E+00 0.0000000000000E+00 0.0000000000000E+00 0.0000000000000E+00
-2.7076201795000E-02 4.8857331778147E-02-7.4112334650954E-02 5.1955170468013E-02
 2.0306363021976E-02 3.8914952662350E-01-7.0219625623634E-01 1.0651708154795E+00
-7.4671957854566E-01-2.9185081486583E-01-2.1754253409700E-01 3.9254205019962E-01
-5.9545224288635E-01 4.1743149679791E-01 1.6315056681486E-01 0.0000000000000E+00
 0.0000000000000E+00 0.0000000000000E+00 0.0000000000000E+00 0.0000000000000E+00
 0.0000000000000E+00 0.0000000000000E+00 0.0000000000000E+00 0.0000000000000E+00
 0.0000000000000E+00 0.0000000000000E+00 0.0000000000000E+00 0.0000000000000E+00
 0.0000000000000E+00-2.8253444480000E-03 3.7679379866237E-04 1.2856773591423E-03
-6.4419630403066E-05-1.5813088297165E-04-1.1968086617150E-05-3.1868011901782E-05
-3.0002001692694E-05-1.4256010766499E-06 0.0000000000000E+00 0.0000000000000E+00
 0.0000000000000E+00 0.0000000000000E+00 0.0000000000000E+00 0.0000000000000E+00
 0.0000000000000E+00 0.0000000000000E+00 0.0000000000000E+00 0.0000000000000E+00
 0.0000000000000E+00 0.0000000000000E+00 0.0000000000000E+00 0.0000000000000E+00
 0.0000000000000E+00 0.0000000000000E+00 0.0000000000000E+00-1.1344754251500E-02
-1.3095689877329E-01-2.0016087364470E-02 1.4617515931612E-02-8.9091813462212E-02
 1.6305114653950E-01 1.8821626294368E+00 2.8767886211801E-01-2.1008852896743E-01
 1.2804616133732E+00-9.1148921376000E-02-1.0521673546505E+00-1.6081836001276E-01
 1.1744377893194E-01-7.1580419640761E-01 0.0000000000000E+00 0.0000000000000E+00
 0.0000000000000E+00 0.0000000000000E+00 0.0000000000000E+00 0.0000000000000E+00
 0.0000000000000E+00 0.0000000000000E+00 0.0000000000000E+00 0.0000000000000E+00
 0.0000000000000E+00 0.0000000000000E+00 0.0000000000000E+00 0.0000000000000E+00
-1.1838011360000E-03-6.3218440562033E-04 5.9627232951442E-04 4.0457721877707E-05
 3.9400859255262E-04 8.0883057260029E-06-1.6258655270470E-05-4.5413414840038E-06
 2.6209839654792E-05 0.0000000000000E+00 0.0000000000000E+00 0.0000000000000E+00
 0.0000000000000E+00 0.0000000000000E+00 0.0000000000000E+00 0.0000000000000E+00
 0.0000000000000E+00 0.0000000000000E+00 0.0000000000000E+00 0.0000000000000E+00
 0.0000000000000E+00 0.0000000000000E+00 0.0000000000000E+00 0.0000000000000E+00
 0.0000000000000E+00 0.0000000000000E+00 2.2840637785000E-03 8.8254917804957E-02
-1.0506391041463E-02-7.6474236249985E-03-1.3587538607388E-01-3.3544373021000E-02
-1.2961353843488E+00 1.5429967563545E-01 1.1231211365938E-01 1.9955023485762E+00
 1.8854122502500E-02 7.2851250793624E-01-8.6726467796197E-02-6.3126723166088E-02
-1.1216022941029E+00 0.0000000000000E+00 0.0000000000000E+00 0.0000000000000E+00
 0.0000000000000E+00 0.0000000000000E+00 0.0000000000000E+00 0.0000000000000E+00
 0.0000000000000E+00 0.0000000000000E+00 0.0000000000000E+00 0.0000000000000E+00
 0.0000000000000E+00 0.0000000000000E+00 0.0000000000000E+00-2.0881314600000E-04
-4.1394714749062E-04-9.6399417685469E-05-6.3986838178915E-05-2.3653157983359E-04
-1.5127877063079E-04 3.2439015576930E-05 1.0116909730660E-05 3.8400833229800E-05
 0.0000000000000E+00 0.0000000000000E+00 0.0000000000000E+00 0.0000000000000E+00
 0.0000000000000E+00 0.0000000000000E+00 0.0000000000000E+00 0.0000000000000E+00
 0.0000000000000E+00 0.0000000000000E+00 0.0000000000000E+00 0.0000000000000E+00
 0.0000000000000E+00 0.0000000000000E+00 0.0000000000000E+00 0.0000000000000E+00
 0.0000000000000E+00-3.7225902309000E-02 1.0247044313851E-02 6.5653472950145E-02
-3.7440393434545E-02 2.4989453889492E-03 5.4670958171750E-01-1.5049084006656E-01
-9.6420450568832E-01 5.4985965588375E-01-3.6700181968809E-02-3.0728639407500E-01
 8.4585654123875E-02 5.4194573428394E-01-3.0905694093198E-01 2.0627892680671E-02
 0.0000000000000E+00 0.0000000000000E+00 0.0000000000000E+00 0.0000000000000E+00
 0.0000000000000E+00 0.0000000000000E+00 0.0000000000000E+00 0.0000000000000E+00
 0.0000000000000E+00 0.0000000000000E+00 0.0000000000000E+00 0.0000000000000E+00
 0.0000000000000E+00 0.0000000000000E+00 3.4032577500000E-03 1.2471567122888E-04
 2.0537463866010E-03 4.6572079642128E-04-8.3336902041932E-05-5.4292769535285E-06
 1.9360856763334E-05 2.1412377850314E-05-3.8713759163787E-06-4.1269236589000E-02
-8.7286316709000E-02-2.2107325234400E-01 2.7509610535300E-01-1.1458875577000E-01
 0.0000000000000E+00 0.0000000000000E+00 0.0000000000000E+00 0.0000000000000E+00
 0.0000000000000E+00 0.0000000000000E+00 0.0000000000000E+00 0.0000000000000E+00
 0.0000000000000E+00 0.0000000000000E+00 0.0000000000000E+00 0.0000000000000E+00
 2.5355251365000E-03 9.2229023474329E-03 1.2654404873933E-01 4.8307028213820E-02
-1.4158240493199E-02-3.7794063997000E-02-1.3747485937160E-01-1.8862419495648E+00
-7.2005553783843E-01 2.1104008775474E-01 2.1275455878500E-02 7.7388880571085E-02
 1.0618243483362E+00 4.0534169140248E-01-1.1880103912703E-01 0.0000000000000E+00
 0.0000000000000E+00 0.0000000000000E+00 0.0000000000000E+00 0.0000000000000E+00
 0.0000000000000E+00 0.0000000000000E+00 0.0000000000000E+00 0.0000000000000E+00
 0.0000000000000E+00 0.0000000000000E+00 0.0000000000000E+00 0.0000000000000E+00
 0.0000000000000E+00 3.9465328170000E-03-8.5697794476899E-05-1.1758278970361E-03
 3.4966315911121E-04-5.1241147326290E-05-3.2439066294464E-05-1.4625620929556E-04
-2.7611385549596E-05 8.2701872555487E-06 0.0000000000000E+00 0.0000000000000E+00
 0.0000000000000E+00 0.0000000000000E+00 0.0000000000000E+00 0.0000000000000E+00
 0.0000000000000E+00 0.0000000000000E+00 0.0000000000000E+00 0.0000000000000E+00
 0.0000000000000E+00 0.0000000000000E+00 0.0000000000000E+00 0.0000000000000E+00
 0.0000000000000E+00 0.0000000000000E+00 0.0000000000000E+00 0.0000000000000E+00
 0.0000000000000E+00 0.0000000000000E+00 0.0000000000000E+00 0.0000000000000E+00
 0.0000000000000E+00 0.0000000000000E+00 0.0000000000000E+00 0.0000000000000E+00
 0.0000000000000E+00 0.0000000000000E+00 0.0000000000000E+00 0.0000000000000E+00
 0.0000000000000E+00 0.0000000000000E+00 0.0000000000000E+00 0.0000000000000E+00
 0.0000000000000E+00 0.0000000000000E+00 0.0000000000000E+00 0.0000000000000E+00
 0.0000000000000E+00 0.0000000000000E+00 0.0000000000000E+00 0.0000000000000E+00
 0.0000000000000E+00 0.0000000000000E+00 0.0000000000000E+00 0.0000000000000E+00
 3.3479545174900E-01 7.6281622305157E-02 8.1676797363596E-02-3.8524474040507E-02
 2.0998188160481E-02-6.4863333834427E-03-8.5096999788082E-03 1.9282329480601E-03
-1.6219669094606E-03 0.0000000000000E+00 0.0000000000000E+00 0.0000000000000E+00
 0.0000000000000E+00 0.0000000000000E+00 0.0000000000000E+00 0.0000000000000E+00
 0.0000000000000E+00 0.0000000000000E+00 0.0000000000000E+00 0.0000000000000E+00
 0.0000000000000E+00 0.0000000000000E+00 0.0000000000000E+00 0.0000000000000E+00
 0.0000000000000E+00 0.0000000000000E+00 0.0000000000000E+00 0.0000000000000E+00
 0.0000000000000E+00 0.0000000000000E+00 0.0000000000000E+00 0.0000000000000E+00
 0.0000000000000E+00 0.0000000000000E+00 0.0000000000000E+00 0.0000000000000E+00
 0.0000000000000E+00 0.0000000000000E+00 0.0000000000000E+00 0.0000000000000E+00
 0.0000000000000E+00 0.0000000000000E+00 0.0000000000000E+00 0.0000000000000E+00
 0.0000000000000E+00 0.0000000000000E+00 0.0000000000000E+00 0.0000000000000E+00
 0.0000000000000E+00 0.0000000000000E+00 0.0000000000000E+00 0.0000000000000E+00
 0.0000000000000E+00 0.0000000000000E+00 0.0000000000000E+00-1.4704745789200E-01
 1.5649963851297E-01-4.9721772058317E-02 2.2902666388492E-02 3.1598418244870E-02
-9.0561062695375E-03 6.3780796088975E-03-1.6265978289357E-03-1.8907216532481E-03
 0.0000000000000E+00 0.0000000000000E+00 0.0000000000000E+00 0.0000000000000E+00
 0.0000000000000E+00 0.0000000000000E+00 0.0000000000000E+00 0.0000000000000E+00
 0.0000000000000E+00 0.0000000000000E+00 0.0000000000000E+00 0.0000000000000E+00
 0.0000000000000E+00 0.0000000000000E+00 0.0000000000000E+00 0.0000000000000E+00
 0.0000000000000E+00 0.0000000000000E+00 0.0000000000000E+00 0.0000000000000E+00
 0.0000000000000E+00 0.0000000000000E+00 0.0000000000000E+00 0.0000000000000E+00
 0.0000000000000E+00 0.0000000000000E+00 0.0000000000000E+00 0.0000000000000E+00
 0.0000000000000E+00 0.0000000000000E+00 0.0000000000000E+00 0.0000000000000E+00
 0.0000000000000E+00 0.0000000000000E+00 0.0000000000000E+00 0.0000000000000E+00
 0.0000000000000E+00 0.0000000000000E+00 0.0000000000000E+00 0.0000000000000E+00
 0.0000000000000E+00 0.0000000000000E+00 0.0000000000000E+00 0.0000000000000E+00
 0.0000000000000E+00 0.0000000000000E+00 5.4819892311800E-01-1.3701515358646E-01
 3.2515697512003E-02-1.4726237895125E-02 5.9016860538033E-03-2.0211233352712E-03
 7.7610240046555E-03-3.5860517359227E-03-1.3088109510095E-03 0.0000000000000E+00
 0.0000000000000E+00 0.0000000000000E+00 0.0000000000000E+00 0.0000000000000E+00
 0.0000000000000E+00 0.0000000000000E+00 0.0000000000000E+00 0.0000000000000E+00
 0.0000000000000E+00 0.0000000000000E+00 0.0000000000000E+00 0.0000000000000E+00
 0.0000000000000E+00 0.0000000000000E+00 0.0000000000000E+00 0.0000000000000E+00
 0.0000000000000E+00 0.0000000000000E+00 0.0000000000000E+00 0.0000000000000E+00
 0.0000000000000E+00 0.0000000000000E+00 0.0000000000000E+00 0.0000000000000E+00
 0.0000000000000E+00 0.0000000000000E+00 0.0000000000000E+00 0.0000000000000E+00
 0.0000000000000E+00 0.0000000000000E+00 0.0000000000000E+00 0.0000000000000E+00
 0.0000000000000E+00 0.0000000000000E+00 0.0000000000000E+00 0.0000000000000E+00
 0.0000000000000E+00 0.0000000000000E+00 0.0000000000000E+00 0.0000000000000E+00
 0.0000000000000E+00 0.0000000000000E+00 0.0000000000000E+00 0.0000000000000E+00
 0.0000000000000E+00-3.8857889567400E-01-1.9676015266189E-01-1.6291804378511E-03
 1.1576762406441E-02 3.5849392833739E-03-6.1280405629704E-03-3.8243056460915E-03
 1.1536123806801E-03-3.7072880466858E-03 0.0000000000000E+00 0.0000000000000E+00
 0.0000000000000E+00 0.0000000000000E+00 0.0000000000000E+00 0.0000000000000E+00
 0.0000000000000E+00 0.0000000000000E+00 0.0000000000000E+00 0.0000000000000E+00
 0.0000000000000E+00 0.0000000000000E+00 0.0000000000000E+00 0.0000000000000E+00
 0.0000000000000E+00 0.0000000000000E+00 0.0000000000000E+00 6.4733777000000E-05
 2.0163048120406E-03 2.1720211575551E-05-2.3475505638932E-05 1.3263108287363E-03
 3.7125272400000E-04 1.1563648681364E-02 1.2456692728479E-04-1.3463366113798E-04
 7.6064850756268E-03-1.2303371800000E-04-3.8322107775329E-03-4.1281669502733E-05
 4.4617800276004E-05-2.5208007333967E-03 0.0000000000000E+00 0.0000000000000E+00
 0.0000000000000E+00 0.0000000000000E+00 0.0000000000000E+00 0.0000000000000E+00
 0.0000000000000E+00 0.0000000000000E+00 0.0000000000000E+00 0.0000000000000E+00
 0.0000000000000E+00 0.0000000000000E+00 0.0000000000000E+00 0.0000000000000E+00
 6.4343460337000E-02 9.7431580870920E-02-3.7006098059640E-02-7.5834664468893E-03
-5.8158513832724E-02-1.4856255255783E-03 1.1157097628814E-03-3.9414173997498E-04
-3.5646029540671E-03 0.0000000000000E+00 0.0000000000000E+00 0.0000000000000E+00
 0.0000000000000E+00 0.0000000000000E+00 0.0000000000000E+00 0.0000000000000E+00
 0.0000000000000E+00 0.0000000000000E+00 0.0000000000000E+00 0.0000000000000E+00
 0.0000000000000E+00 0.0000000000000E+00 0.0000000000000E+00 0.0000000000000E+00
 0.0000000000000E+00 0.0000000000000E+00-4.2124963350000E-04 2.2839190009400E-04
-1.1142806357447E-03 7.8320340117740E-04-2.6790052461065E-05-2.4158960190000E-03
 1.3098434717307E-03-6.3904771347534E-03 4.4917261139238E-03-1.5364281569403E-04
 8.0063161850000E-04-4.3408412080897E-04 2.1178138510548E-03-1.4885648727700E-03
 5.0917463052823E-05 0.0000000000000E+00 0.0000000000000E+00 0.0000000000000E+00
 0.0000000000000E+00 0.0000000000000E+00 0.0000000000000E+00 0.0000000000000E+00
 0.0000000000000E+00 0.0000000000000E+00 0.0000000000000E+00 0.0000000000000E+00
 0.0000000000000E+00 0.0000000000000E+00 0.0000000000000E+00-4.1870968115500E-01
 2.9413945416813E-02 1.9246049574110E-01-7.2907912325166E-03-8.0396190769063E-03
-1.3353763402302E-03-4.8199735285219E-03-4.1776631897957E-03 6.8538060028645E-04
 0.0000000000000E+00 0.0000000000000E+00 0.0000000000000E+00 0.0000000000000E+00
 0.0000000000000E+00 0.0000000000000E+00 0.0000000000000E+00 0.0000000000000E+00
 0.0000000000000E+00 0.0000000000000E+00 0.0000000000000E+00 0.0000000000000E+00
 0.0000000000000E+00 0.0000000000000E+00 0.0000000000000E+00 0.0000000000000E+00
 0.0000000000000E+00 8.1107641650000E-04 6.8510575141013E-05-1.4517204039351E-03
 7.8310507005497E-04-4.9997319028735E-04 4.4583342360000E-03 3.7658972482195E-04
-7.9798335202418E-03 4.3045810119537E-03-2.7482584241748E-03-1.4857402605000E-03
-1.2549855757702E-04 2.6592801942485E-03-1.4345019855321E-03 9.1585735249104E-04
 0.0000000000000E+00 0.0000000000000E+00 0.0000000000000E+00 0.0000000000000E+00
 0.0000000000000E+00 0.0000000000000E+00 0.0000000000000E+00 0.0000000000000E+00
 0.0000000000000E+00 0.0000000000000E+00 0.0000000000000E+00 0.0000000000000E+00
 0.0000000000000E+00 0.0000000000000E+00-3.3175356338100E-01-1.8124602176125E-02
-1.9976670531403E-01-4.5919094502503E-02 4.5747899520947E-03-1.6974408240822E-03
-1.3934470677171E-03-1.9194232929559E-03 9.3788288343838E-04 0.0000000000000E+00
 0.0000000000000E+00 0.0000000000000E+00 0.0000000000000E+00 0.0000000000000E+00
 0.0000000000000E+00 0.0000000000000E+00 0.0000000000000E+00 0.0000000000000E+00
 0.0000000000000E+00 0.0000000000000E+00 0.0000000000000E+00 0.0000000000000E+00
 0.0000000000000E+00 0.0000000000000E+00 0.0000000000000E+00 0.0000000000000E+00
 7.2894081500000E-05-1.9387561983319E-03 1.1280167945780E-05 2.8798469035682E-04
 2.9248771830838E-03 4.0068503100000E-04-1.0656977514943E-02 6.2004952470616E-05
 1.5829975818368E-03 1.6077498754835E-02-1.3352832050000E-04 3.5514386559099E-03
-2.0663156556149E-05-5.2753407810392E-04-5.3578278180105E-03 0.0000000000000E+00
 0.0000000000000E+00 0.0000000000000E+00 0.0000000000000E+00 0.0000000000000E+00
 0.0000000000000E+00 0.0000000000000E+00 0.0000000000000E+00 0.0000000000000E+00
 0.0000000000000E+00 0.0000000000000E+00 0.0000000000000E+00 0.0000000000000E+00
 0.0000000000000E+00-2.9815774179000E-02 3.8147358001314E-02-2.0852696880036E-02
-6.6009548592393E-04 2.4068181430472E-02 1.4690248294119E-02-3.4173103726422E-03
-1.2915707868809E-03-3.6518958680293E-03-7.2561304000000E-05-7.9870471000000E-05
-5.9053760000000E-05 1.0295579500000E-04-7.4732533000000E-05 0.0000000000000E+00
 0.0000000000000E+00 0.0000000000000E+00 0.0000000000000E+00 0.0000000000000E+00
 0.0000000000000E+00 0.0000000000000E+00 0.0000000000000E+00 0.0000000000000E+00
 0.0000000000000E+00 0.0000000000000E+00 0.0000000000000E+00-6.2524883500000E-05
-2.2743252927604E-04-3.1205180341022E-03-1.1912290955806E-03 3.4913569761201E-04
-3.3908125600000E-04-1.2333986628248E-03-1.6923009107996E-02-6.4602032778736E-03
 1.8934120989228E-03 1.1321145900000E-04 4.1180354229975E-04 5.6502048445890E-03
 2.1569137981834E-03-6.3216690019439E-04 0.0000000000000E+00 0.0000000000000E+00
 0.0000000000000E+00 0.0000000000000E+00 0.0000000000000E+00 0.0000000000000E+00
 0.0000000000000E+00 0.0000000000000E+00 0.0000000000000E+00 0.0000000000000E+00
 0.0000000000000E+00 0.0000000000000E+00 0.0000000000000E+00 0.0000000000000E+00
-3.5259719577600E-01 7.6565439565831E-03 1.0505262173478E-01-3.1240142951337E-02
 4.5780652765662E-03 2.8982208786306E-03 1.3067046863773E-02 2.4668988116830E-03
-7.3888777050824E-04 0.0000000000000E+00 0.0000000000000E+00 0.0000000000000E+00
 0.0000000000000E+00 0.0000000000000E+00 3.3717953147500E-01 7.4529485384900E-01
 1.1818402678710E+00-4.1557902945400E-01-9.1858752713800E-01-1.4566365560280E+00
 2.5774483354300E-01 5.6971399540500E-01 9.0341552402000E-01-8.6302607792000E-02
-1.9076154824500E-01-3.0249729769800E-01 0.0000000000000E+00 0.0000000000000E+00
 0.0000000000000E+00 0.0000000000000E+00 0.0000000000000E+00 0.0000000000000E+00
 0.0000000000000E+00 0.0000000000000E+00 0.0000000000000E+00 0.0000000000000E+00
 0.0000000000000E+00 0.0000000000000E+00 0.0000000000000E+00 0.0000000000000E+00
 0.0000000000000E+00 9.9213697300000E-03-6.6262651712752E-04-1.4521752206067E-02
-4.7830669819792E-04-6.8290332518212E-04-4.4884683621502E-04-6.9970016760499E-04
-4.7521191750000E-03 3.1738361358340E-04 6.9556017959240E-03 2.2909845051848E-04
 3.2709576139555E-04 2.1498782077129E-04 3.3514108170066E-04 0.0000000000000E+00
 0.0000000000000E+00 0.0000000000000E+00 0.0000000000000E+00 0.0000000000000E+00
 0.0000000000000E+00 0.0000000000000E+00 0.0000000000000E+00 0.0000000000000E+00
 0.0000000000000E+00 0.0000000000000E+00 0.0000000000000E+00 0.0000000000000E+00
 0.0000000000000E+00-1.3944658200220E+00 2.5573704672200E-01 2.3656820180700E-01
 1.7187008640630E+00-3.1519989723900E-01-2.9157399702200E-01-1.0659495227660E+00
 1.9548903888000E-01 1.8083610096200E-01 3.5691975790400E-01-6.5457039888000E-02
-6.0550688374000E-02 0.0000000000000E+00 0.0000000000000E+00 0.0000000000000E+00
 0.0000000000000E+00 0.0000000000000E+00 0.0000000000000E+00 0.0000000000000E+00
 0.0000000000000E+00 0.0000000000000E+00 0.0000000000000E+00 0.0000000000000E+00
 0.0000000000000E+00 0.0000000000000E+00 0.0000000000000E+00 0.0000000000000E+00
 1.9859541600000E-03-2.1781246121643E-03-2.7577286305860E-03 4.6556162093123E-04
 3.6935714913435E-03 1.3644323632660E-03-4.6261175594833E-04-9.5122862100000E-04
 1.0432740657637E-03 1.3208917177680E-03-2.2299383712706E-04-1.7691399862872E-03
-6.5353326934716E-04 2.2158091634160E-04 0.0000000000000E+00 0.0000000000000E+00
 0.0000000000000E+00 0.0000000000000E+00 0.0000000000000E+00 0.0000000000000E+00
 0.0000000000000E+00 0.0000000000000E+00 0.0000000000000E+00 0.0000000000000E+00
 0.0000000000000E+00 0.0000000000000E+00 0.0000000000000E+00 0.0000000000000E+00
-8.7471161575000E-02-1.2001596153240E+00 7.8180300290500E-01 1.0839637396100E-01
 1.4872667532180E+00-9.6882914484000E-01-6.7162578661000E-02-9.2151302348100E-01
 6.0028819481600E-01 2.2473073817000E-02 3.0834477491800E-01-2.0086067543200E-01
 0.0000000000000E+00 0.0000000000000E+00 0.0000000000000E+00 0.0000000000000E+00
 0.0000000000000E+00 0.0000000000000E+00 0.0000000000000E+00 0.0000000000000E+00
 0.0000000000000E+00 0.0000000000000E+00 0.0000000000000E+00 0.0000000000000E+00
 0.0000000000000E+00 0.0000000000000E+00 0.0000000000000E+00-2.2014813608000E-02
-3.9326590276123E-04-5.3958567178903E-03-5.0519938198702E-03 7.4034096191191E-04
 2.8362453771762E-04 1.2787621376838E-03 1.0525229782000E-02 1.8801948869429E-04
 2.5797462037216E-03 2.4153461735539E-03-3.5395524482242E-04-1.3560021375347E-04
-6.1137312245495E-04 0.0000000000000E+00 0.0000000000000E+00 0.0000000000000E+00
 0.0000000000000E+00 0.0000000000000E+00 0.0000000000000E+00 0.0000000000000E+00
 0.0000000000000E+00 0.0000000000000E+00 0.0000000000000E+00 0.0000000000000E+00
 0.0000000000000E+00 0.0000000000000E+00 0.0000000000000E+00 0.0000000000000E+00
 0.0000000000000E+00 0.0000000000000E+00 0.0000000000000E+00 0.0000000000000E+00
 0.0000000000000E+00 0.0000000000000E+00 0.0000000000000E+00 0.0000000000000E+00
 0.0000000000000E+00 0.0000000000000E+00 0.0000000000000E+00 1.2590440620250E-01
-1.9205150288132E+00 4.6803728821723E-01-3.2156120350751E-01-1.1858287224322E+00
-1.0250900418450E-01 1.5636472865634E+00-3.8106717456079E-01 2.6180909588587E-01
 9.6547948667002E-01 3.6702573755000E-02-5.5985208634559E-01 1.3643822014592E-01
-9.3738766929932E-02-3.4568262905659E-01 0.0000000000000E+00 0.0000000000000E+00
 0.0000000000000E+00 0.0000000000000E+00 0.0000000000000E+00 0.0000000000000E+00
 0.0000000000000E+00 0.0000000000000E+00 0.0000000000000E+00 0.0000000000000E+00
 0.0000000000000E+00 0.0000000000000E+00 0.0000000000000E+00 0.0000000000000E+00
-1.7457547400000E-04 1.4067779487027E-04 7.0884670193086E-05-1.4002803275690E-05
-7.8162177354177E-05-2.6864713607881E-06-1.5372641923961E-06-3.0468834294336E-06
-4.0714042786365E-06 0.0000000000000E+00 0.0000000000000E+00 0.0000000000000E+00
 0.0000000000000E+00 0.0000000000000E+00 0.0000000000000E+00 0.0000000000000E+00
 0.0000000000000E+00 0.0000000000000E+00 0.0000000000000E+00 0.0000000000000E+00
 0.0000000000000E+00 0.0000000000000E+00 0.0000000000000E+00 0.0000000000000E+00
 0.0000000000000E+00 0.0000000000000E+00-4.0868466305650E-01-6.7618713951059E-01
-1.0156121712284E+00 7.1744398702784E-01-6.0463015847204E-01 3.3274338126050E-01
 5.5053887631358E-01 8.2689236580610E-01-5.8412942713071E-01 4.9227852554383E-01
-1.1913625138950E-01-1.9711628138104E-01-2.9606255845506E-01 2.0914312408304E-01
-1.7625660336460E-01 0.0000000000000E+00 0.0000000000000E+00 0.0000000000000E+00
 0.0000000000000E+00 0.0000000000000E+00 0.0000000000000E+00 0.0000000000000E+00
 0.0000000000000E+00 0.0000000000000E+00 0.0000000000000E+00 0.0000000000000E+00
 0.0000000000000E+00 0.0000000000000E+00 0.0000000000000E+00 5.6667054700000E-04
 2.2432832161937E-05-2.6500721507022E-04 4.5535144440099E-06-2.5379063861669E-05
 7.7501862098773E-07 6.7521717951984E-06 5.0213889880024E-06-3.0394460579061E-06
 0.0000000000000E+00 0.0000000000000E+00 0.0000000000000E+00 0.0000000000000E+00
 0.0000000000000E+00 0.0000000000000E+00 0.0000000000000E+00 0.0000000000000E+00
 0.0000000000000E+00 0.0000000000000E+00 0.0000000000000E+00 0.0000000000000E+00
 0.0000000000000E+00 0.0000000000000E+00 0.0000000000000E+00 0.0000000000000E+00
 0.0000000000000E+00-5.5184707452950E-01 2.2680281874779E-01 9.6780647450513E-01
-5.6340660744226E-01-7.7321129254272E-02 4.5011926813950E-01-1.8499385699069E-01
-7.8940047362879E-01 4.5954791012206E-01 6.3067707916909E-02-1.6086681794700E-01
 6.6114417268009E-02 2.8212154259428E-01-1.6423649292152E-01-2.2539584963328E-02
 0.0000000000000E+00 0.0000000000000E+00 0.0000000000000E+00 0.0000000000000E+00
 0.0000000000000E+00 0.0000000000000E+00 0.0000000000000E+00 0.0000000000000E+00
 0.0000000000000E+00 0.0000000000000E+00 0.0000000000000E+00 0.0000000000000E+00
 0.0000000000000E+00 0.0000000000000E+00-6.6702867700000E-04-1.9917387012956E-05
-4.0285825847822E-04-9.0885408394679E-05 1.9025952219739E-05 2.7532275081224E-06
-4.1693089260128E-06-4.3241133804651E-06 3.3360198487710E-07 0.0000000000000E+00
 0.0000000000000E+00 0.0000000000000E+00 0.0000000000000E+00 0.0000000000000E+00
 0.0000000000000E+00 0.0000000000000E+00 0.0000000000000E+00 0.0000000000000E+00
 0.0000000000000E+00 0.0000000000000E+00 0.0000000000000E+00 0.0000000000000E+00
 0.0000000000000E+00 0.0000000000000E+00 0.0000000000000E+00 0.0000000000000E+00
 6.5346089812500E-02 1.3042436318908E+00-2.1161574865893E-01-8.2213767245010E-02
-2.0233851252303E+00-5.3300154118000E-02-1.0638186123635E+00 1.7260638011804E-01
 6.7058434213328E-02 1.6503931501486E+00 1.9048787279500E-02 3.8019504419579E-01
-6.1687292885461E-02-2.3965819044168E-02-5.8982921465159E-01 0.0000000000000E+00
 0.0000000000000E+00 0.0000000000000E+00 0.0000000000000E+00 0.0000000000000E+00
 0.0000000000000E+00 0.0000000000000E+00 0.0000000000000E+00 0.0000000000000E+00
 0.0000000000000E+00 0.0000000000000E+00 0.0000000000000E+00 0.0000000000000E+00
 0.0000000000000E+00 7.8985135000000E-05 8.2804862551525E-05 4.1840648804051E-05
 1.7773560657924E-05 4.5592738023104E-05 2.9693124501534E-05-6.1644288437747E-06
-1.7512458637892E-06-7.5958330342962E-06-7.3880625800000E-04-5.1415433990000E-03
-2.1813113754000E-02 2.6306760982000E-02-9.2353579470000E-03 0.0000000000000E+00
 0.0000000000000E+00 0.0000000000000E+00 0.0000000000000E+00 0.0000000000000E+00
 0.0000000000000E+00 0.0000000000000E+00 0.0000000000000E+00 0.0000000000000E+00
 0.0000000000000E+00 0.0000000000000E+00 0.0000000000000E+00 3.8468543524500E-02
 1.3992825994417E-01 1.9199041558720E+00 7.3290577588528E-01-2.1480634635899E-01
-3.1396495417000E-02-1.1420388113190E-01-1.5669494217363E+00-5.9816854825709E-01
 1.7531639753121E-01 1.1213745569000E-02 4.0789688436545E-02 5.5966030290162E-01
 2.1364517977385E-01-6.2616972050161E-02 0.0000000000000E+00 0.0000000000000E+00
 0.0000000000000E+00 0.0000000000000E+00 0.0000000000000E+00 0.0000000000000E+00
 0.0000000000000E+00 0.0000000000000E+00 0.0000000000000E+00 0.0000000000000E+00
 0.0000000000000E+00 0.0000000000000E+00 0.0000000000000E+00 0.0000000000000E+00
-7.8341488800000E-04 1.7011622881065E-05 2.3341021672357E-04-6.9410628863592E-05
 1.0171732879113E-05 6.4393858267439E-06 2.9032899799567E-05 5.4810567944500E-06
-1.6416911025122E-06 0.0000000000000E+00 0.0000000000000E+00 0.0000000000000E+00
 0.0000000000000E+00 0.0000000000000E+00 0.0000000000000E+00 0.0000000000000E+00
 0.0000000000000E+00 0.0000000000000E+00 0.0000000000000E+00 0.0000000000000E+00
 0.0000000000000E+00 0.0000000000000E+00 0.0000000000000E+00 0.0000000000000E+00
 0.0000000000000E+00 0.0000000000000E+00 0.0000000000000E+00 0.0000000000000E+00
 0.0000000000000E+00 0.0000000000000E+00 0.0000000000000E+00 0.0000000000000E+00
 0.0000000000000E+00 0.0000000000000E+00 0.0000000000000E+00 0.0000000000000E+00
 0.0000000000000E+00 0.0000000000000E+00 0.0000000000000E+00 0.0000000000000E+00
 0.0000000000000E+00 3.9196846632400E-01 2.4539051205131E-01 1.0978245493098E-01
-6.2601541926051E-02 7.1359874038998E-02-2.5022432280753E-02-1.4832759661381E-02
-1.8280967638100E-01-1.1444737000347E-01-5.1201300059537E-02 2.9196653822106E-02
-3.3281441239406E-02 1.1670180487736E-02 6.9178319852223E-03 0.0000000000000E+00
 0.0000000000000E+00 0.0000000000000E+00 0.0000000000000E+00 0.0000000000000E+00
 0.0000000000000E+00 0.0000000000000E+00 0.0000000000000E+00 0.0000000000000E+00
 0.0000000000000E+00 0.0000000000000E+00 0.0000000000000E+00 0.0000000000000E+00
 0.0000000000000E+00 0.0000000000000E+00 0.0000000000000E+00 0.0000000000000E+00
 0.0000000000000E+00 0.0000000000000E+00 0.0000000000000E+00 0.0000000000000E+00
 0.0000000000000E+00 0.0000000000000E+00 0.0000000000000E+00 0.0000000000000E+00
 0.0000000000000E+00 0.0000000000000E+00 0.0000000000000E+00 0.0000000000000E+00
 0.0000000000000E+00 0.0000000000000E+00 0.0000000000000E+00 0.0000000000000E+00
 0.0000000000000E+00 0.0000000000000E+00 0.0000000000000E+00 0.0000000000000E+00
 0.0000000000000E+00 0.0000000000000E+00 0.0000000000000E+00 0.0000000000000E+00
-3.9707768299200E-01 2.2372031163329E-01-1.4563674345444E-01 8.1261857416891E-02
 4.9477361297111E-02-1.6082095124371E-02 2.4215269095026E-02 1.8519255746900E-01
-1.0434063268646E-01 6.7923336256537E-02-3.7899614721101E-02-2.3075683847057E-02
 7.5005079688576E-03-1.1293728672221E-02 0.0000000000000E+00 0.0000000000000E+00
 0.0000000000000E+00 0.0000000000000E+00 0.0000000000000E+00 0.0000000000000E+00
 0.0000000000000E+00 0.0000000000000E+00 0.0000000000000E+00 0.0000000000000E+00
 0.0000000000000E+00 0.0000000000000E+00 0.0000000000000E+00 0.0000000000000E+00
 0.0000000000000E+00 0.0000000000000E+00 0.0000000000000E+00 0.0000000000000E+00
 0.0000000000000E+00 0.0000000000000E+00 0.0000000000000E+00 0.0000000000000E+00
 0.0000000000000E+00 0.0000000000000E+00 0.0000000000000E+00 0.0000000000000E+00
 0.0000000000000E+00 0.0000000000000E+00 0.0000000000000E+00 0.0000000000000E+00
 0.0000000000000E+00 0.0000000000000E+00 0.0000000000000E+00 0.0000000000000E+00
 0.0000000000000E+00 0.0000000000000E+00 0.0000000000000E+00 0.0000000000000E+00
 0.0000000000000E+00 0.0000000000000E+00 0.0000000000000E+00 8.8787984591400E-01
-5.5017180609574E-03-3.5179382758749E-02 4.6378787299949E-03-1.5284781835679E-04
 8.8095155214854E-03 4.1072093189444E-02-4.1392572525600E-01 2.5648770481731E-03
 1.6400475345267E-02-2.1621589066992E-03 7.1256988561608E-05-4.1069578481633E-03
-1.9147631337115E-02 0.0000000000000E+00 0.0000000000000E+00 0.0000000000000E+00
 0.0000000000000E+00 0.0000000000000E+00 0.0000000000000E+00 0.0000000000000E+00
 0.0000000000000E+00 0.0000000000000E+00 0.0000000000000E+00 0.0000000000000E+00
 0.0000000000000E+00 0.0000000000000E+00 0.0000000000000E+00 0.0000000000000E+00
 0.0000000000000E+00 0.0000000000000E+00 0.0000000000000E+00 0.0000000000000E+00
 0.0000000000000E+00 0.0000000000000E+00 0.0000000000000E+00 0.0000000000000E+00
 0.0000000000000E+00 0.0000000000000E+00 0.0000000000000E+00 0.0000000000000E+00
 0.0000000000000E+00 0.0000000000000E+00 0.0000000000000E+00 0.0000000000000E+00
 0.0000000000000E+00 0.0000000000000E+00 0.0000000000000E+00 0.0000000000000E+00
 0.0000000000000E+00 0.0000000000000E+00 0.0000000000000E+00 0.0000000000000E+00
 0.0000000000000E+00 0.0000000000000E+00 7.3708782210000E-03 3.5198263875658E-01
-2.5948905792428E-02-9.0660272221113E-03-6.2129434473978E-02 3.4531938134117E-02
-7.3018640544056E-03-3.4362713910000E-03-1.6409277639893E-01 1.2097267101160E-02
 4.2265424881131E-03 2.8964472324378E-02-1.6098639475191E-02 3.4040972867724E-03
 0.0000000000000E+00 0.0000000000000E+00 0.0000000000000E+00 0.0000000000000E+00
 0.0000000000000E+00 0.0000000000000E+00 0.0000000000000E+00 0.0000000000000E+00
 0.0000000000000E+00 0.0000000000000E+00 0.0000000000000E+00 0.0000000000000E+00
 0.0000000000000E+00 0.0000000000000E+00 1.2761715139000E-02 2.4347773496000E-02
 3.8804528004000E-02-1.7954043489000E-02-3.4254093547000E-02-5.4592832996000E-02
 1.1419316125000E-02 2.1786642269000E-02 3.4722697341000E-02-3.6895913530000E-03
-7.0392837920000E-03-1.1218934869000E-02 0.0000000000000E+00 0.0000000000000E+00
 0.0000000000000E+00 0.0000000000000E+00 0.0000000000000E+00 0.0000000000000E+00
 0.0000000000000E+00 0.0000000000000E+00 0.0000000000000E+00 0.0000000000000E+00
 0.0000000000000E+00 0.0000000000000E+00 0.0000000000000E+00 0.0000000000000E+00
 0.0000000000000E+00-2.8932904839000E-01 1.7222574777989E-02 4.2363949207354E-01
 1.4525038054214E-02 2.3849332405070E-02 1.4583165687938E-02 2.0073482571827E-02
 1.3484774391900E-01-8.0269346140064E-03-1.9744588405154E-01-6.7696922339402E-03
-1.1115471075975E-02-6.7967838112574E-03-9.3556587299879E-03 0.0000000000000E+00
 0.0000000000000E+00 0.0000000000000E+00 0.0000000000000E+00 0.0000000000000E+00
 0.0000000000000E+00 0.0000000000000E+00 0.0000000000000E+00 0.0000000000000E+00
 0.0000000000000E+00 0.0000000000000E+00 0.0000000000000E+00 0.0000000000000E+00
 0.0000000000000E+00 4.5718737101000E-02-9.3180086450000E-03-9.1890496760000E-03
-6.4320209720000E-02 1.3109204414000E-02 1.2927776220000E-02 4.0909603926000E-02
-8.3378515510000E-03-8.2224577180000E-03-1.3217929973000E-02 2.6939673660000E-03
 2.6566835140000E-03 0.0000000000000E+00 0.0000000000000E+00 0.0000000000000E+00
 0.0000000000000E+00 0.0000000000000E+00 0.0000000000000E+00 0.0000000000000E+00
 0.0000000000000E+00 0.0000000000000E+00 0.0000000000000E+00 0.0000000000000E+00
 0.0000000000000E+00 0.0000000000000E+00 0.0000000000000E+00 0.0000000000000E+00
 6.8514143456000E-02-6.4647400814618E-02-9.5904882950879E-02 1.3181222989763E-02
 1.0777067062081E-01 3.9609355360390E-02-1.4304613619357E-02-3.1932423388000E-02
 3.0130248582361E-02 4.4698439955334E-02-6.1433796300207E-03-5.0228733944079E-02
-1.8460753381544E-02 6.6669589000324E-03 0.0000000000000E+00 0.0000000000000E+00
 0.0000000000000E+00 0.0000000000000E+00 0.0000000000000E+00 0.0000000000000E+00
 0.0000000000000E+00 0.0000000000000E+00 0.0000000000000E+00 0.0000000000000E+00
 0.0000000000000E+00 0.0000000000000E+00 0.0000000000000E+00 0.0000000000000E+00
-3.8244422510000E-03-5.2473764583000E-02 3.4182242263000E-02 5.2570807300000E-03
 7.2130469895000E-02-4.6986931775000E-02-3.4566727410000E-03-4.7427734491000E-02
 3.0895178252000E-02 1.0503713550000E-03 1.4411758790000E-02-9.3880481860000E-03
 0.0000000000000E+00 0.0000000000000E+00 0.0000000000000E+00 0.0000000000000E+00
 0.0000000000000E+00 0.0000000000000E+00 0.0000000000000E+00 0.0000000000000E+00
 0.0000000000000E+00 0.0000000000000E+00 0.0000000000000E+00 0.0000000000000E+00
 0.0000000000000E+00 0.0000000000000E+00 0.0000000000000E+00 4.9372580286300E-01
 8.8197668684471E-03 1.2101277520199E-01 1.1330096857367E-01-1.6603612564580E-02
-6.3608420719542E-03-2.8678773954184E-02-2.3009365136100E-01-4.1103226754321E-03
-5.6396224677814E-02-5.2802250582553E-02 7.7378695190741E-03 2.9643769266087E-03
 1.3365320948208E-02 0.0000000000000E+00 0.0000000000000E+00 0.0000000000000E+00
 0.0000000000000E+00 0.0000000000000E+00 0.0000000000000E+00 0.0000000000000E+00
 0.0000000000000E+00 0.0000000000000E+00-9.0352090935560E+00-9.7684767272800E+00
-2.1043491553680E+00 1.5825368077130E+00-5.2305352715300E-01 0.0000000000000E+00
 0.0000000000000E+00 0.0000000000000E+00 0.0000000000000E+00 0.0000000000000E+00
 0.0000000000000E+00 0.0000000000000E+00 0.0000000000000E+00 0.0000000000000E+00
 0.0000000000000E+00 0.0000000000000E+00 0.0000000000000E+00 1.1611210500000E-05
 4.2235456188886E-05 5.7949715598056E-04 2.2121771620418E-04-6.4836396547527E-05
 8.2623450000000E-06 3.0054050246404E-05 4.1236057330356E-04 1.5741486122032E-04
-4.6136505725351E-05-1.0486398500000E-05-3.8143983254586E-05-5.2335955333340E-04
-1.9978770194721E-04 5.8555502273259E-05 0.0000000000000E+00 0.0000000000000E+00
 0.0000000000000E+00 0.0000000000000E+00 0.0000000000000E+00 0.0000000000000E+00
 0.0000000000000E+00 0.0000000000000E+00 0.0000000000000E+00 0.0000000000000E+00
 0.0000000000000E+00 0.0000000000000E+00 0.0000000000000E+00 0.0000000000000E+00
 3.5241600000000E-07-7.6527119376075E-09-1.0499868628940E-07 3.1224080559811E-08
-4.5757404379571E-09-2.8967361371060E-09-1.3060322775627E-08-2.4656318938886E-09
 7.3850987368602E-10

EIGENVALUES
-----------
k 1 0.00000000 0.00000000 0.00000000
-7.6953027225433E+00-4.9470576560320E-01-3.0988191877967E-01 3.8292859646329E-02
 3.8292859646329E-02 2.1742071668771E-01 2.1661045623647E-01 2.6144892519992E-01
 2.6144892519992E-01 4.0619157157301E-01 4.0619157157301E-01 3.9970874256391E-01
 3.9970874256391E-01 3.9797938290753E-01 1.0080921921005E+00 1.0080921921005E+00
 9.7989003611724E-01 1.2167573016627E+00 1.2167573016627E+00 1.2250952241247E+00
 1.2250952241247E+00 1.2301963222392E+00 1.2301963222392E+00 1.2319513283719E+00
 1.2760607649544E+00 1.3323208517250E+00 1.3323208517250E+00 1.3259862722115E+00
 1.3259862722115E+00 1.3246125777681E+00 3.3919663327532E+00 3.3919663327532E+00
 3.4069089808347E+00 3.4069089808347E+00 3.4176230925799E+00 3.4176230925799E+00
 3.4240649162371E+00 3.4240649162371E+00 3.4262141206451E+00 3.7003048074811E+00
 3.7003048074812E+00 3.6998973443840E+00 3.8965548193137E+00 3.8965548193137E+00
 3.9051420027633E+00 3.9051420027633E+00 3.9080113911850E+00 3.9399698925573E+00
 3.9399698925573E+00 3.9544708206630E+00 3.9544708206630E+00 3.9633290152498E+00
 3.9633290152498E+00 3.9663260818600E+00 1.2846617303249E+01
