TITLE
 generated from Orca output data.
BASIC_INFO
----------
Generated by:
 molden2qmc version: 4.0.5
Method:

DFT Functional:

Periodicity:
         0
Spin unrestricted:
    .false.
nuclear-nuclear repulsion energy (au/atom):
 0.0000000000000E+00
Number of electrons per primitive cell:
         5

GEOMETRY
--------
Number of atoms:
         1
Atomic positions (au):
 0.0000000000000E+00 0.0000000000000E+00 0.0000000000000E+00
Atomic numbers for each atom:
         5
Valence charges for each atom:
 5.0000000000000E+00

BASIS SET
---------
Number of Gaussian centres
         1
Number of shells per primitive cell
        15
Number of basis functions ('AO') per primitive cell
        55
Number of Gaussian primitives per primitive cell
        33
Highest shell angular momentum (s/p/d/f... 1/2/3/4...)
         5
Code for shell types (s/sp/p/d/f... 1/2/3/4/5...)
         1         1         1         1         1         3         3         3
         3         4         4         4         5         5         6
Number of primitive Gaussians in each shell
         9         9         1         1         1         3         1         1
         1         1         1         1         1         1         1
Sequence number of first shell on each centre
         1        16
Exponents of Gaussian primitives
 2.3870000000000E+04 3.5750000000000E+03 8.1280000000000E+02 2.2970000000000E+02
 7.4690000000000E+01 2.6810000000000E+01 1.0320000000000E+01 4.1780000000000E+00
 1.7270000000000E+00 2.3870000000000E+04 3.5750000000000E+03 8.1280000000000E+02
 2.2970000000000E+02 7.4690000000000E+01 2.6810000000000E+01 1.0320000000000E+01
 4.1780000000000E+00 1.7270000000000E+00 4.7040000000000E-01 1.8960000000000E-01
 7.3940000000000E-02 2.2260000000000E+01 5.0580000000000E+00 1.4870000000000E+00
 5.0710000000000E-01 1.8120000000000E-01 6.4630000000000E-02 1.1100000000000E+00
 4.0200000000000E-01 1.4500000000000E-01 8.8200000000000E-01 3.1100000000000E-01
 6.7300000000000E-01
Normalized contraction coefficients
 1.2120308100000E-01 2.2780090510000E-01 3.9303565090000E-01 6.3259326210000E-01
 9.3723233220000E-01 1.2109230210000E+00 1.2427224598000E+00 8.4574516310000E-01
 2.4347210840000E-01-7.5151633500000E-02-1.3971673900000E-01-2.3993985020000E-01
-3.9291114590000E-01-5.8445377030000E-01-8.0342345820000E-01-8.8893114580000E-01
-8.3929688790000E-01-4.0309287070000E-01 4.0481871040000E-01 2.0478061450000E-01
 1.0105776220000E-01 2.2349600230000E+00 2.2851210752000E+00 1.9711225683000E+00
 6.0996806930000E-01 1.6851471470000E-01 4.6449686000000E-02 1.9757166921698E+00
 3.3404505651431E-01 5.6079413130112E-02 1.1098358932292E+00 1.0633232866939E-01
 3.7452158438254E-01
Position of each shell (au)
 0.0000000000000E+00 0.0000000000000E+00 0.0000000000000E+00
 0.0000000000000E+00 0.0000000000000E+00 0.0000000000000E+00
 0.0000000000000E+00 0.0000000000000E+00 0.0000000000000E+00
 0.0000000000000E+00 0.0000000000000E+00 0.0000000000000E+00
 0.0000000000000E+00 0.0000000000000E+00 0.0000000000000E+00
 0.0000000000000E+00 0.0000000000000E+00 0.0000000000000E+00
 0.0000000000000E+00 0.0000000000000E+00 0.0000000000000E+00
 0.0000000000000E+00 0.0000000000000E+00 0.0000000000000E+00
 0.0000000000000E+00 0.0000000000000E+00 0.0000000000000E+00
 0.0000000000000E+00 0.0000000000000E+00 0.0000000000000E+00
 0.0000000000000E+00 0.0000000000000E+00 0.0000000000000E+00
 0.0000000000000E+00 0.0000000000000E+00 0.0000000000000E+00
 0.0000000000000E+00 0.0000000000000E+00 0.0000000000000E+00
 0.0000000000000E+00 0.0000000000000E+00 0.0000000000000E+00
 0.0000000000000E+00 0.0000000000000E+00 0.0000000000000E+00

MULTIDETERMINANT INFORMATION
----------------------------
GS

ORBITAL COEFFICIENTS
------------------------
-9.9375024944200E-01-4.6239350000000E-06-1.5367441959000E-02 3.9428630440000E-03
-1.1212295890000E-03 0.0000000000000E+00 0.0000000000000E+00 0.0000000000000E+00
 0.0000000000000E+00 0.0000000000000E+00 0.0000000000000E+00 0.0000000000000E+00
 0.0000000000000E+00 0.0000000000000E+00 0.0000000000000E+00 0.0000000000000E+00
 0.0000000000000E+00-3.7447000000000E-08 0.0000000000000E+00 0.0000000000000E+00
-1.2092052905421E-07 0.0000000000000E+00-1.1869000000000E-08 0.0000000000000E+00
 0.0000000000000E+00 1.0669173167003E-07 0.0000000000000E+00 1.3411500000000E-08
 0.0000000000000E+00 0.0000000000000E+00-3.9914244835021E-08 0.0000000000000E+00
 0.0000000000000E+00 0.0000000000000E+00 0.0000000000000E+00 0.0000000000000E+00
 0.0000000000000E+00 0.0000000000000E+00 0.0000000000000E+00 0.0000000000000E+00
 0.0000000000000E+00 0.0000000000000E+00 0.0000000000000E+00 0.0000000000000E+00
 0.0000000000000E+00 0.0000000000000E+00 0.0000000000000E+00 0.0000000000000E+00
 0.0000000000000E+00 0.0000000000000E+00 0.0000000000000E+00 0.0000000000000E+00
 0.0000000000000E+00 0.0000000000000E+00 0.0000000000000E+00-8.4686323000000E-05
-3.2827012455700E-01-2.6279942103400E-01-5.8699621343300E-01-2.8931994707700E-01
 0.0000000000000E+00 0.0000000000000E+00 0.0000000000000E+00 0.0000000000000E+00
 0.0000000000000E+00 0.0000000000000E+00 0.0000000000000E+00 0.0000000000000E+00
 0.0000000000000E+00 0.0000000000000E+00 0.0000000000000E+00 0.0000000000000E+00
-2.6027650000000E-07 0.0000000000000E+00 0.0000000000000E+00-8.0272587497103E-07
 0.0000000000000E+00 1.0668950000000E-07 0.0000000000000E+00 0.0000000000000E+00
 6.7474550682517E-07 0.0000000000000E+00-1.5350500000000E-08 0.0000000000000E+00
 0.0000000000000E+00-2.4572951217141E-07 0.0000000000000E+00 0.0000000000000E+00
 0.0000000000000E+00 0.0000000000000E+00 0.0000000000000E+00 0.0000000000000E+00
 0.0000000000000E+00 0.0000000000000E+00 0.0000000000000E+00 0.0000000000000E+00
 0.0000000000000E+00 0.0000000000000E+00 0.0000000000000E+00 0.0000000000000E+00
 0.0000000000000E+00 0.0000000000000E+00 0.0000000000000E+00 0.0000000000000E+00
 0.0000000000000E+00 0.0000000000000E+00 0.0000000000000E+00 0.0000000000000E+00
 0.0000000000000E+00 0.0000000000000E+00 0.0000000000000E+00 0.0000000000000E+00
 0.0000000000000E+00 0.0000000000000E+00 0.0000000000000E+00 0.0000000000000E+00
-1.5571862289800E-01 0.0000000000000E+00 0.0000000000000E+00-3.3045440164900E-01
 0.0000000000000E+00 0.0000000000000E+00-4.6277358916800E-01 0.0000000000000E+00
 0.0000000000000E+00-2.7270319953100E-01 0.0000000000000E+00 0.0000000000000E+00
 0.0000000000000E+00 0.0000000000000E+00 0.0000000000000E+00 0.0000000000000E+00
 0.0000000000000E+00 0.0000000000000E+00 0.0000000000000E+00 0.0000000000000E+00
 0.0000000000000E+00 0.0000000000000E+00 0.0000000000000E+00 0.0000000000000E+00
 0.0000000000000E+00 0.0000000000000E+00 0.0000000000000E+00 0.0000000000000E+00
 0.0000000000000E+00 0.0000000000000E+00 0.0000000000000E+00 0.0000000000000E+00
 0.0000000000000E+00 0.0000000000000E+00 0.0000000000000E+00 0.0000000000000E+00
 0.0000000000000E+00 0.0000000000000E+00 0.0000000000000E+00 0.0000000000000E+00
 0.0000000000000E+00 0.0000000000000E+00 0.0000000000000E+00 0.0000000000000E+00
 0.0000000000000E+00 0.0000000000000E+00 0.0000000000000E+00 0.0000000000000E+00
 0.0000000000000E+00 0.0000000000000E+00 0.0000000000000E+00 0.0000000000000E+00
 0.0000000000000E+00 0.0000000000000E+00 0.0000000000000E+00 0.0000000000000E+00
 1.5582937910900E-01 0.0000000000000E+00 0.0000000000000E+00 3.3123277380700E-01
 0.0000000000000E+00 0.0000000000000E+00 4.6166209630000E-01 0.0000000000000E+00
 0.0000000000000E+00 2.7315005332500E-01 0.0000000000000E+00 0.0000000000000E+00
 0.0000000000000E+00 0.0000000000000E+00 0.0000000000000E+00 0.0000000000000E+00
 0.0000000000000E+00 0.0000000000000E+00 0.0000000000000E+00 0.0000000000000E+00
 0.0000000000000E+00 0.0000000000000E+00 0.0000000000000E+00 0.0000000000000E+00
 0.0000000000000E+00 0.0000000000000E+00 0.0000000000000E+00 0.0000000000000E+00
 0.0000000000000E+00 0.0000000000000E+00 0.0000000000000E+00 0.0000000000000E+00
 0.0000000000000E+00 0.0000000000000E+00 0.0000000000000E+00 0.0000000000000E+00
 0.0000000000000E+00 0.0000000000000E+00 0.0000000000000E+00 0.0000000000000E+00
 0.0000000000000E+00 0.0000000000000E+00 0.0000000000000E+00 0.0000000000000E+00
 0.0000000000000E+00 0.0000000000000E+00 0.0000000000000E+00 0.0000000000000E+00
 0.0000000000000E+00 0.0000000000000E+00 0.0000000000000E+00 0.0000000000000E+00
 0.0000000000000E+00 1.5582938007600E-01 0.0000000000000E+00 0.0000000000000E+00
 3.3123277261000E-01 0.0000000000000E+00 0.0000000000000E+00 4.6166209704100E-01
 0.0000000000000E+00 0.0000000000000E+00 2.7315005307600E-01 0.0000000000000E+00
 0.0000000000000E+00 0.0000000000000E+00 0.0000000000000E+00 0.0000000000000E+00
 0.0000000000000E+00 0.0000000000000E+00 0.0000000000000E+00 0.0000000000000E+00
 0.0000000000000E+00 0.0000000000000E+00 0.0000000000000E+00 0.0000000000000E+00
 0.0000000000000E+00 0.0000000000000E+00 0.0000000000000E+00 0.0000000000000E+00
 0.0000000000000E+00-2.5719642299223E-11 0.0000000000000E+00 0.0000000000000E+00
 0.0000000000000E+00 7.2205339907178E-12 0.0000000000000E+00 0.0000000000000E+00
 2.1188086275074E-10 0.0000000000000E+00 0.0000000000000E+00 0.0000000000000E+00
-5.9292706128157E-11 0.0000000000000E+00 0.0000000000000E+00 0.0000000000000E+00
 0.0000000000000E+00 0.0000000000000E+00 0.0000000000000E+00 0.0000000000000E+00
 0.0000000000000E+00 0.0000000000000E+00 0.0000000000000E+00 8.0358942147000E-02
-7.4902007604000E-02 2.7779973934700E-01-2.1392215638440E+00 2.0738698763290E+00
 0.0000000000000E+00 0.0000000000000E+00 0.0000000000000E+00 0.0000000000000E+00
 0.0000000000000E+00 0.0000000000000E+00 0.0000000000000E+00 0.0000000000000E+00
 0.0000000000000E+00 0.0000000000000E+00 0.0000000000000E+00 0.0000000000000E+00
 9.1709500000000E-08 0.0000000000000E+00 0.0000000000000E+00 2.7728314775830E-07
 0.0000000000000E+00-8.4877200000000E-07 0.0000000000000E+00 0.0000000000000E+00
-2.5474734809848E-06 0.0000000000000E+00 1.2401705000000E-06 0.0000000000000E+00
 0.0000000000000E+00 3.7699047114935E-06 0.0000000000000E+00 0.0000000000000E+00
 0.0000000000000E+00 0.0000000000000E+00 0.0000000000000E+00 0.0000000000000E+00
 0.0000000000000E+00 0.0000000000000E+00 0.0000000000000E+00 0.0000000000000E+00
 0.0000000000000E+00 0.0000000000000E+00 0.0000000000000E+00 0.0000000000000E+00
 0.0000000000000E+00 0.0000000000000E+00 0.0000000000000E+00 0.0000000000000E+00
 0.0000000000000E+00 0.0000000000000E+00 0.0000000000000E+00 0.0000000000000E+00
 0.0000000000000E+00 0.0000000000000E+00 0.0000000000000E+00 0.0000000000000E+00
 0.0000000000000E+00 0.0000000000000E+00 0.0000000000000E+00-1.1230142935800E-01
 0.0000000000000E+00 0.0000000000000E+00-2.3987973699000E-02 0.0000000000000E+00
 0.0000000000000E+00-1.0038308069790E+00 0.0000000000000E+00 0.0000000000000E+00
 1.4096557451110E+00 0.0000000000000E+00 0.0000000000000E+00 0.0000000000000E+00
 0.0000000000000E+00 0.0000000000000E+00 0.0000000000000E+00 0.0000000000000E+00
 0.0000000000000E+00 0.0000000000000E+00 0.0000000000000E+00 0.0000000000000E+00
 0.0000000000000E+00 0.0000000000000E+00 0.0000000000000E+00 0.0000000000000E+00
 0.0000000000000E+00 0.0000000000000E+00 0.0000000000000E+00 5.3439701221720E-09
 0.0000000000000E+00 0.0000000000000E+00 0.0000000000000E+00 2.4522409162052E-09
 0.0000000000000E+00 0.0000000000000E+00 2.2455288968674E-08 0.0000000000000E+00
 0.0000000000000E+00 0.0000000000000E+00 1.1273361744617E-08 0.0000000000000E+00
 0.0000000000000E+00 0.0000000000000E+00 0.0000000000000E+00 0.0000000000000E+00
 0.0000000000000E+00 0.0000000000000E+00 0.0000000000000E+00 0.0000000000000E+00
 0.0000000000000E+00 0.0000000000000E+00 0.0000000000000E+00 0.0000000000000E+00
 0.0000000000000E+00 0.0000000000000E+00 0.0000000000000E+00 0.0000000000000E+00
 1.1230142913500E-01 0.0000000000000E+00 0.0000000000000E+00 2.3987968719000E-02
 0.0000000000000E+00 0.0000000000000E+00 1.0038308136740E+00 0.0000000000000E+00
 0.0000000000000E+00-1.4096557477770E+00 0.0000000000000E+00 0.0000000000000E+00
 0.0000000000000E+00 0.0000000000000E+00 0.0000000000000E+00 0.0000000000000E+00
 0.0000000000000E+00 0.0000000000000E+00 0.0000000000000E+00 0.0000000000000E+00
 0.0000000000000E+00 0.0000000000000E+00 0.0000000000000E+00 0.0000000000000E+00
 0.0000000000000E+00-3.0743000000000E-08 0.0000000000000E+00 0.0000000000000E+00
-4.9055207063063E-09 0.0000000000000E+00 0.0000000000000E+00 0.0000000000000E+00
-1.3502700000000E-07 0.0000000000000E+00 0.0000000000000E+00-2.2538181086030E-08
 0.0000000000000E+00 0.0000000000000E+00 0.0000000000000E+00 0.0000000000000E+00
 0.0000000000000E+00 0.0000000000000E+00 0.0000000000000E+00 0.0000000000000E+00
 0.0000000000000E+00 0.0000000000000E+00 0.0000000000000E+00 0.0000000000000E+00
 0.0000000000000E+00 0.0000000000000E+00 0.0000000000000E+00 0.0000000000000E+00
 0.0000000000000E+00 0.0000000000000E+00-1.1228974253400E-01 0.0000000000000E+00
 0.0000000000000E+00-2.3908733600000E-02 0.0000000000000E+00 0.0000000000000E+00
-1.0039435309580E+00 0.0000000000000E+00 0.0000000000000E+00 1.4097013205420E+00
 0.0000000000000E+00 0.0000000000000E+00 0.0000000000000E+00 0.0000000000000E+00
 0.0000000000000E+00 0.0000000000000E+00 0.0000000000000E+00 0.0000000000000E+00
 0.0000000000000E+00 0.0000000000000E+00 0.0000000000000E+00 0.0000000000000E+00
 0.0000000000000E+00 0.0000000000000E+00 0.0000000000000E+00 0.0000000000000E+00
 0.0000000000000E+00 0.0000000000000E+00 1.5151318803985E-08 0.0000000000000E+00
 0.0000000000000E+00 0.0000000000000E+00 2.4525044393436E-09 0.0000000000000E+00
 0.0000000000000E+00 6.7537331188018E-08 0.0000000000000E+00 0.0000000000000E+00
 0.0000000000000E+00 1.1267458826318E-08 0.0000000000000E+00 0.0000000000000E+00
 0.0000000000000E+00 0.0000000000000E+00 0.0000000000000E+00 0.0000000000000E+00
 0.0000000000000E+00 0.0000000000000E+00 0.0000000000000E+00 1.5175000000000E-08
 5.8684000000000E-08 1.1501500000000E-07 2.0529000000000E-08-1.1735900000000E-07
 0.0000000000000E+00 0.0000000000000E+00 0.0000000000000E+00 0.0000000000000E+00
 0.0000000000000E+00 0.0000000000000E+00 0.0000000000000E+00 0.0000000000000E+00
 0.0000000000000E+00 0.0000000000000E+00 0.0000000000000E+00 0.0000000000000E+00
-2.6410172029500E-02 0.0000000000000E+00 0.0000000000000E+00 2.7570874836246E-02
 0.0000000000000E+00 7.6670265620000E-02 0.0000000000000E+00 0.0000000000000E+00
-8.0039834782380E-02 0.0000000000000E+00-4.6991055407050E-01 0.0000000000000E+00
 0.0000000000000E+00 4.9056293817969E-01 0.0000000000000E+00 0.0000000000000E+00
 0.0000000000000E+00 0.0000000000000E+00 0.0000000000000E+00 0.0000000000000E+00
 0.0000000000000E+00 0.0000000000000E+00 0.0000000000000E+00 0.0000000000000E+00
 0.0000000000000E+00 0.0000000000000E+00 0.0000000000000E+00 0.0000000000000E+00
 0.0000000000000E+00-3.8843000000000E-08 0.0000000000000E+00 0.0000000000000E+00
-2.7253196509767E-09 0.0000000000000E+00 0.0000000000000E+00 0.0000000000000E+00
 3.5667622435180E-10 0.0000000000000E+00 0.0000000000000E+00 0.0000000000000E+00
 0.0000000000000E+00 0.0000000000000E+00 0.0000000000000E+00 0.0000000000000E+00
 0.0000000000000E+00 0.0000000000000E+00 0.0000000000000E+00 0.0000000000000E+00
 0.0000000000000E+00 0.0000000000000E+00 0.0000000000000E+00 0.0000000000000E+00
 0.0000000000000E+00 0.0000000000000E+00 0.0000000000000E+00 0.0000000000000E+00
-1.0682031131217E-01 0.0000000000000E+00 0.0000000000000E+00 0.0000000000000E+00
 0.0000000000000E+00 3.1010555863480E-01 0.0000000000000E+00 0.0000000000000E+00
 0.0000000000000E+00 0.0000000000000E+00-1.9006312465832E+00 0.0000000000000E+00
 0.0000000000000E+00 0.0000000000000E+00 0.0000000000000E+00 0.0000000000000E+00
 0.0000000000000E+00 0.0000000000000E+00 0.0000000000000E+00 0.0000000000000E+00
 0.0000000000000E+00 0.0000000000000E+00 0.0000000000000E+00 0.0000000000000E+00
 0.0000000000000E+00 0.0000000000000E+00 0.0000000000000E+00 0.0000000000000E+00
 0.0000000000000E+00-7.6859158530392E-09 0.0000000000000E+00 0.0000000000000E+00
 0.0000000000000E+00-1.3819233181124E-09 0.0000000000000E+00 0.0000000000000E+00
 0.0000000000000E+00 0.0000000000000E+00 0.0000000000000E+00 0.0000000000000E+00
 0.0000000000000E+00 0.0000000000000E+00 0.0000000000000E+00 0.0000000000000E+00
 0.0000000000000E+00 0.0000000000000E+00 0.0000000000000E+00 0.0000000000000E+00
 0.0000000000000E+00 0.0000000000000E+00 0.0000000000000E+00 0.0000000000000E+00
 0.0000000000000E+00 0.0000000000000E+00 0.0000000000000E+00 0.0000000000000E+00
 0.0000000000000E+00 0.0000000000000E+00-1.0681927217868E-01 0.0000000000000E+00
 0.0000000000000E+00 0.0000000000000E+00 0.0000000000000E+00 3.1010133414556E-01
 0.0000000000000E+00 0.0000000000000E+00 0.0000000000000E+00 0.0000000000000E+00
-1.9006290073273E+00 0.0000000000000E+00 0.0000000000000E+00 0.0000000000000E+00
 0.0000000000000E+00 0.0000000000000E+00 0.0000000000000E+00 0.0000000000000E+00
 0.0000000000000E+00 0.0000000000000E+00 0.0000000000000E+00 0.0000000000000E+00
 0.0000000000000E+00 0.0000000000000E+00 0.0000000000000E+00 0.0000000000000E+00
 0.0000000000000E+00 0.0000000000000E+00 0.0000000000000E+00-2.6629333544045E-09
 0.0000000000000E+00 0.0000000000000E+00 0.0000000000000E+00-6.9095586095330E-10
 0.0000000000000E+00 0.0000000000000E+00 0.0000000000000E+00 0.0000000000000E+00
 0.0000000000000E+00 0.0000000000000E+00 0.0000000000000E+00 0.0000000000000E+00
 0.0000000000000E+00 0.0000000000000E+00 0.0000000000000E+00 0.0000000000000E+00
 0.0000000000000E+00 0.0000000000000E+00 0.0000000000000E+00 0.0000000000000E+00
 0.0000000000000E+00 0.0000000000000E+00 0.0000000000000E+00 1.0681927391766E-01
 0.0000000000000E+00 0.0000000000000E+00 0.0000000000000E+00 0.0000000000000E+00
-3.1010134197270E-01 0.0000000000000E+00 0.0000000000000E+00 0.0000000000000E+00
 0.0000000000000E+00 1.9006290115084E+00 0.0000000000000E+00 0.0000000000000E+00
 0.0000000000000E+00 0.0000000000000E+00 0.0000000000000E+00 0.0000000000000E+00
 0.0000000000000E+00 0.0000000000000E+00 0.0000000000000E+00 0.0000000000000E+00
 0.0000000000000E+00 0.0000000000000E+00 0.0000000000000E+00 0.0000000000000E+00
 0.0000000000000E+00 0.0000000000000E+00 0.0000000000000E+00 0.0000000000000E+00
 2.4268899902962E-08 0.0000000000000E+00 0.0000000000000E+00 0.0000000000000E+00
 1.3819233181124E-09 0.0000000000000E+00 0.0000000000000E+00 1.1347850000000E-06
 3.4473440000000E-06 7.6077110000000E-06-3.3879090000000E-06-2.6420440000000E-06
 0.0000000000000E+00 0.0000000000000E+00 0.0000000000000E+00 0.0000000000000E+00
 0.0000000000000E+00 0.0000000000000E+00 0.0000000000000E+00 0.0000000000000E+00
 0.0000000000000E+00 0.0000000000000E+00 0.0000000000000E+00 0.0000000000000E+00
 1.5917859248500E-02 0.0000000000000E+00 0.0000000000000E+00 4.5743153457032E-02
 0.0000000000000E+00-4.6210236795500E-02 0.0000000000000E+00 0.0000000000000E+00
-1.3279433049215E-01 0.0000000000000E+00 2.8322622918950E-01 0.0000000000000E+00
 0.0000000000000E+00 8.1390764804885E-01 0.0000000000000E+00 0.0000000000000E+00
 0.0000000000000E+00 0.0000000000000E+00 0.0000000000000E+00 0.0000000000000E+00
 0.0000000000000E+00 0.0000000000000E+00 0.0000000000000E+00 0.0000000000000E+00
 0.0000000000000E+00 0.0000000000000E+00 0.0000000000000E+00 0.0000000000000E+00
 0.0000000000000E+00 4.2774000000000E-08 0.0000000000000E+00 0.0000000000000E+00
 4.7518680589848E-09 0.0000000000000E+00 0.0000000000000E+00 0.0000000000000E+00
 5.9178405211303E-10 0.0000000000000E+00 0.0000000000000E+00 0.0000000000000E+00
 0.0000000000000E+00 0.0000000000000E+00 0.0000000000000E+00 1.6535249986500E-01
 0.0000000000000E+00 0.0000000000000E+00 1.3510202434220E+00 0.0000000000000E+00
 0.0000000000000E+00-1.9053759410330E+00 0.0000000000000E+00 0.0000000000000E+00
 7.6358681301800E-01 0.0000000000000E+00 0.0000000000000E+00 0.0000000000000E+00
 0.0000000000000E+00 0.0000000000000E+00 0.0000000000000E+00 0.0000000000000E+00
 0.0000000000000E+00 0.0000000000000E+00 0.0000000000000E+00 0.0000000000000E+00
 0.0000000000000E+00 0.0000000000000E+00 0.0000000000000E+00 0.0000000000000E+00
 0.0000000000000E+00 0.0000000000000E+00 0.0000000000000E+00 1.3447290439589E-08
 0.0000000000000E+00 0.0000000000000E+00 0.0000000000000E+00 8.1026513440218E-09
 0.0000000000000E+00 0.0000000000000E+00-2.7115239080174E-07 0.0000000000000E+00
 0.0000000000000E+00 0.0000000000000E+00-1.4180232779099E-07 0.0000000000000E+00
 0.0000000000000E+00 0.0000000000000E+00 0.0000000000000E+00 0.0000000000000E+00
 0.0000000000000E+00 0.0000000000000E+00 0.0000000000000E+00 0.0000000000000E+00
 0.0000000000000E+00 0.0000000000000E+00 0.0000000000000E+00 0.0000000000000E+00
 0.0000000000000E+00 0.0000000000000E+00 0.0000000000000E+00 0.0000000000000E+00
 1.6535250029500E-01 0.0000000000000E+00 0.0000000000000E+00 1.3510202434400E+00
 0.0000000000000E+00 0.0000000000000E+00-1.9053759376020E+00 0.0000000000000E+00
 0.0000000000000E+00 7.6358680824100E-01 0.0000000000000E+00 0.0000000000000E+00
 0.0000000000000E+00 0.0000000000000E+00 0.0000000000000E+00 0.0000000000000E+00
 0.0000000000000E+00 0.0000000000000E+00 0.0000000000000E+00 0.0000000000000E+00
 0.0000000000000E+00 0.0000000000000E+00 0.0000000000000E+00 0.0000000000000E+00
 0.0000000000000E+00 8.8966000000000E-08 0.0000000000000E+00 0.0000000000000E+00
 1.6201463933855E-08 0.0000000000000E+00 0.0000000000000E+00 0.0000000000000E+00
-1.6643450000000E-06 0.0000000000000E+00 0.0000000000000E+00-2.8357312743817E-07
 0.0000000000000E+00 0.0000000000000E+00 0.0000000000000E+00 0.0000000000000E+00
 0.0000000000000E+00 0.0000000000000E+00 0.0000000000000E+00 0.0000000000000E+00
 0.0000000000000E+00 0.0000000000000E+00 0.0000000000000E+00 0.0000000000000E+00
 0.0000000000000E+00 0.0000000000000E+00 0.0000000000000E+00 0.0000000000000E+00
 0.0000000000000E+00 0.0000000000000E+00 1.6544461863600E-01 0.0000000000000E+00
 0.0000000000000E+00 1.3512241401470E+00 0.0000000000000E+00 0.0000000000000E+00
-1.9050485242790E+00 0.0000000000000E+00 0.0000000000000E+00 7.6366445861900E-01
 0.0000000000000E+00 0.0000000000000E+00 0.0000000000000E+00 0.0000000000000E+00
 0.0000000000000E+00 0.0000000000000E+00 0.0000000000000E+00 0.0000000000000E+00
 0.0000000000000E+00 0.0000000000000E+00 0.0000000000000E+00 0.0000000000000E+00
 0.0000000000000E+00 0.0000000000000E+00 0.0000000000000E+00 0.0000000000000E+00
 0.0000000000000E+00 0.0000000000000E+00 4.5774839568261E-08 0.0000000000000E+00
 0.0000000000000E+00 0.0000000000000E+00 8.0870507742316E-09 0.0000000000000E+00
 0.0000000000000E+00-8.3835582739232E-07 0.0000000000000E+00 0.0000000000000E+00
 0.0000000000000E+00-1.4178662181195E-07 0.0000000000000E+00 0.0000000000000E+00
 0.0000000000000E+00 0.0000000000000E+00 0.0000000000000E+00 0.0000000000000E+00
 0.0000000000000E+00 0.0000000000000E+00 0.0000000000000E+00 0.0000000000000E+00
 0.0000000000000E+00 0.0000000000000E+00 0.0000000000000E+00 0.0000000000000E+00
-5.3630000000000E-09 0.0000000000000E+00 0.0000000000000E+00-4.3908000000000E-08
 0.0000000000000E+00 0.0000000000000E+00 6.0861000000000E-08 0.0000000000000E+00
 0.0000000000000E+00-2.4457000000000E-08 0.0000000000000E+00 0.0000000000000E+00
 0.0000000000000E+00 0.0000000000000E+00 0.0000000000000E+00 0.0000000000000E+00
 0.0000000000000E+00 0.0000000000000E+00 0.0000000000000E+00 0.0000000000000E+00
 0.0000000000000E+00 0.0000000000000E+00 0.0000000000000E+00 0.0000000000000E+00
 0.0000000000000E+00 0.0000000000000E+00 0.0000000000000E+00 0.0000000000000E+00
-5.1578580000685E-02 0.0000000000000E+00 0.0000000000000E+00 0.0000000000000E+00
 1.7348903291353E-03 0.0000000000000E+00 0.0000000000000E+00 4.2145347239790E-01
 0.0000000000000E+00 0.0000000000000E+00 0.0000000000000E+00-1.4175954238665E-02
 0.0000000000000E+00 0.0000000000000E+00 0.0000000000000E+00 0.0000000000000E+00
 0.0000000000000E+00 0.0000000000000E+00 0.0000000000000E+00 0.0000000000000E+00
 0.0000000000000E+00 0.0000000000000E+00 0.0000000000000E+00 0.0000000000000E+00
 0.0000000000000E+00 0.0000000000000E+00 0.0000000000000E+00 0.0000000000000E+00
 0.0000000000000E+00 5.1990000000000E-09 0.0000000000000E+00 0.0000000000000E+00
 4.3305000000000E-08 0.0000000000000E+00 0.0000000000000E+00-6.0755000000000E-08
 0.0000000000000E+00 0.0000000000000E+00 2.4134000000000E-08 0.0000000000000E+00
 0.0000000000000E+00 0.0000000000000E+00 0.0000000000000E+00 0.0000000000000E+00
 0.0000000000000E+00 0.0000000000000E+00 0.0000000000000E+00 0.0000000000000E+00
 0.0000000000000E+00 0.0000000000000E+00 0.0000000000000E+00 0.0000000000000E+00
 0.0000000000000E+00 0.0000000000000E+00 1.0304129699900E-01 0.0000000000000E+00
 0.0000000000000E+00-1.0350631708178E-02 0.0000000000000E+00 0.0000000000000E+00
 0.0000000000000E+00-8.4196021197200E-01 0.0000000000000E+00 0.0000000000000E+00
 8.4575995621376E-02 0.0000000000000E+00 0.0000000000000E+00 0.0000000000000E+00
 0.0000000000000E+00 0.0000000000000E+00 0.0000000000000E+00 0.0000000000000E+00
 0.0000000000000E+00 0.0000000000000E+00 0.0000000000000E+00 0.0000000000000E+00
 0.0000000000000E+00 0.0000000000000E+00 0.0000000000000E+00 0.0000000000000E+00
 0.0000000000000E+00 0.0000000000000E+00 0.0000000000000E+00 1.1717000000000E-08
 0.0000000000000E+00 0.0000000000000E+00 6.3702000000000E-08 0.0000000000000E+00
 0.0000000000000E+00-9.0503000000000E-08 0.0000000000000E+00 0.0000000000000E+00
 3.4090000000000E-08 0.0000000000000E+00 0.0000000000000E+00 0.0000000000000E+00
 0.0000000000000E+00 0.0000000000000E+00 0.0000000000000E+00 0.0000000000000E+00
 0.0000000000000E+00 0.0000000000000E+00 0.0000000000000E+00 0.0000000000000E+00
 0.0000000000000E+00 0.0000000000000E+00 0.0000000000000E+00 0.0000000000000E+00
 0.0000000000000E+00 0.0000000000000E+00 0.0000000000000E+00 4.1850283809118E-02
 0.0000000000000E+00 0.0000000000000E+00 0.0000000000000E+00-4.2612170906847E-03
 0.0000000000000E+00 0.0000000000000E+00-3.4196354698765E-01 0.0000000000000E+00
 0.0000000000000E+00 0.0000000000000E+00 3.4818903258315E-02 0.0000000000000E+00
 0.0000000000000E+00 0.0000000000000E+00 0.0000000000000E+00 0.0000000000000E+00
 0.0000000000000E+00 0.0000000000000E+00 0.0000000000000E+00 0.0000000000000E+00
 0.0000000000000E+00 0.0000000000000E+00 0.0000000000000E+00 0.0000000000000E+00
 0.0000000000000E+00 0.0000000000000E+00 0.0000000000000E+00 0.0000000000000E+00
 0.0000000000000E+00 0.0000000000000E+00 0.0000000000000E+00 0.0000000000000E+00
 0.0000000000000E+00 0.0000000000000E+00 0.0000000000000E+00 0.0000000000000E+00
 0.0000000000000E+00 0.0000000000000E+00 0.0000000000000E+00 0.0000000000000E+00
 0.0000000000000E+00 0.0000000000000E+00 0.0000000000000E+00 0.0000000000000E+00
 0.0000000000000E+00 0.0000000000000E+00 0.0000000000000E+00 0.0000000000000E+00
 0.0000000000000E+00 0.0000000000000E+00 0.0000000000000E+00 0.0000000000000E+00
 0.0000000000000E+00 0.0000000000000E+00 0.0000000000000E+00 0.0000000000000E+00
 1.6855042337821E-02 0.0000000000000E+00 0.0000000000000E+00 0.0000000000000E+00
 0.0000000000000E+00 0.0000000000000E+00 0.0000000000000E+00-1.3772451812253E-01
 0.0000000000000E+00 0.0000000000000E+00 0.0000000000000E+00 0.0000000000000E+00
 0.0000000000000E+00 0.0000000000000E+00 0.0000000000000E+00 0.0000000000000E+00
 0.0000000000000E+00 0.0000000000000E+00 0.0000000000000E+00 0.0000000000000E+00
 0.0000000000000E+00 0.0000000000000E+00 0.0000000000000E+00 0.0000000000000E+00
 8.3624900000000E-07 0.0000000000000E+00 0.0000000000000E+00 3.1775250000000E-06
 0.0000000000000E+00 0.0000000000000E+00-4.5870050000000E-06 0.0000000000000E+00
 0.0000000000000E+00 1.6130890000000E-06 0.0000000000000E+00 0.0000000000000E+00
 0.0000000000000E+00 0.0000000000000E+00 0.0000000000000E+00 0.0000000000000E+00
 0.0000000000000E+00 0.0000000000000E+00 0.0000000000000E+00 0.0000000000000E+00
 0.0000000000000E+00 0.0000000000000E+00 0.0000000000000E+00 0.0000000000000E+00
 0.0000000000000E+00 0.0000000000000E+00 0.0000000000000E+00 0.0000000000000E+00
-1.3438343195754E-02 0.0000000000000E+00 0.0000000000000E+00 0.0000000000000E+00
-6.6587358567196E-03 0.0000000000000E+00 0.0000000000000E+00 1.0980644161767E-01
 0.0000000000000E+00 0.0000000000000E+00 0.0000000000000E+00 5.4409395249838E-02
 0.0000000000000E+00 0.0000000000000E+00 0.0000000000000E+00 0.0000000000000E+00
 0.0000000000000E+00 0.0000000000000E+00 0.0000000000000E+00 0.0000000000000E+00
 0.0000000000000E+00 0.0000000000000E+00 0.0000000000000E+00 0.0000000000000E+00
 0.0000000000000E+00 0.0000000000000E+00 0.0000000000000E+00 0.0000000000000E+00
 0.0000000000000E+00-8.3432300000000E-07 0.0000000000000E+00 0.0000000000000E+00
-3.1580910000000E-06 0.0000000000000E+00 0.0000000000000E+00 4.5607900000000E-06
 0.0000000000000E+00 0.0000000000000E+00-1.6020940000000E-06 0.0000000000000E+00
 0.0000000000000E+00 0.0000000000000E+00 0.0000000000000E+00 0.0000000000000E+00
 0.0000000000000E+00 0.0000000000000E+00 0.0000000000000E+00 0.0000000000000E+00
 0.0000000000000E+00 0.0000000000000E+00 0.0000000000000E+00 0.0000000000000E+00
 0.0000000000000E+00 0.0000000000000E+00 8.0175288864000E-02 0.0000000000000E+00
 0.0000000000000E+00 1.3302513877177E-02 0.0000000000000E+00 0.0000000000000E+00
 0.0000000000000E+00-6.5512267738600E-01 0.0000000000000E+00 0.0000000000000E+00
-1.0869656782380E-01 0.0000000000000E+00 0.0000000000000E+00 0.0000000000000E+00
 0.0000000000000E+00 0.0000000000000E+00 0.0000000000000E+00 0.0000000000000E+00
 0.0000000000000E+00 0.0000000000000E+00 0.0000000000000E+00 0.0000000000000E+00
 0.0000000000000E+00 0.0000000000000E+00 0.0000000000000E+00 0.0000000000000E+00
 0.0000000000000E+00 0.0000000000000E+00 0.0000000000000E+00 1.0231690000000E-06
 0.0000000000000E+00 0.0000000000000E+00 3.8799240000000E-06 0.0000000000000E+00
 0.0000000000000E+00-5.6006720000000E-06 0.0000000000000E+00 0.0000000000000E+00
 1.9689380000000E-06 0.0000000000000E+00 0.0000000000000E+00 0.0000000000000E+00
 0.0000000000000E+00 0.0000000000000E+00 0.0000000000000E+00 0.0000000000000E+00
 0.0000000000000E+00 0.0000000000000E+00 0.0000000000000E+00 0.0000000000000E+00
 0.0000000000000E+00 0.0000000000000E+00 0.0000000000000E+00 0.0000000000000E+00
 0.0000000000000E+00 0.0000000000000E+00 0.0000000000000E+00-3.3007173180131E-02
 0.0000000000000E+00 0.0000000000000E+00 0.0000000000000E+00-5.4028359746954E-03
 0.0000000000000E+00 0.0000000000000E+00 2.6970603111094E-01 0.0000000000000E+00
 0.0000000000000E+00 0.0000000000000E+00 4.4147298285597E-02 0.0000000000000E+00
 0.0000000000000E+00 0.0000000000000E+00 0.0000000000000E+00 0.0000000000000E+00
 0.0000000000000E+00 0.0000000000000E+00 0.0000000000000E+00 0.0000000000000E+00
 5.1394303516500E-01 1.1875423953280E+00 3.1180041693740E+00-3.6948115458480E+00
 1.4008912363290E+00 0.0000000000000E+00 0.0000000000000E+00 0.0000000000000E+00
 0.0000000000000E+00 0.0000000000000E+00 0.0000000000000E+00 0.0000000000000E+00
 0.0000000000000E+00 0.0000000000000E+00 0.0000000000000E+00 0.0000000000000E+00
 0.0000000000000E+00-9.2855650000000E-07 0.0000000000000E+00 0.0000000000000E+00
-2.7554901848976E-06 0.0000000000000E+00 1.3496643500000E-05 0.0000000000000E+00
 0.0000000000000E+00 4.0198122766229E-05 0.0000000000000E+00-8.2607370000000E-06
 0.0000000000000E+00 0.0000000000000E+00-2.4608937170745E-05 0.0000000000000E+00
 0.0000000000000E+00 0.0000000000000E+00 0.0000000000000E+00 0.0000000000000E+00
 0.0000000000000E+00 0.0000000000000E+00 0.0000000000000E+00 0.0000000000000E+00
 0.0000000000000E+00 0.0000000000000E+00 0.0000000000000E+00 0.0000000000000E+00
 0.0000000000000E+00 0.0000000000000E+00-2.0000000000000E-12 0.0000000000000E+00
 0.0000000000000E+00-2.9814239699997E-13 0.0000000000000E+00 0.0000000000000E+00
 0.0000000000000E+00-2.8171808490951E-14 0.0000000000000E+00 2.0219000000000E-08
-4.4561000000000E-08-2.0386800000000E-07 3.6232600000000E-07-5.2023000000000E-08
 0.0000000000000E+00 0.0000000000000E+00 0.0000000000000E+00 0.0000000000000E+00
 0.0000000000000E+00 0.0000000000000E+00 0.0000000000000E+00 0.0000000000000E+00
 0.0000000000000E+00 0.0000000000000E+00 0.0000000000000E+00 0.0000000000000E+00
 4.0911439231000E-02 0.0000000000000E+00 0.0000000000000E+00-4.1394496539415E-02
 0.0000000000000E+00-5.9784366551700E-01 0.0000000000000E+00 0.0000000000000E+00
 6.0490259661470E-01 0.0000000000000E+00 3.3556014487100E-01 0.0000000000000E+00
 0.0000000000000E+00-3.3952222201808E-01 0.0000000000000E+00 0.0000000000000E+00
 0.0000000000000E+00 0.0000000000000E+00 0.0000000000000E+00 0.0000000000000E+00
 0.0000000000000E+00 0.0000000000000E+00 0.0000000000000E+00 0.0000000000000E+00
 0.0000000000000E+00 0.0000000000000E+00 0.0000000000000E+00 0.0000000000000E+00
 0.0000000000000E+00 5.6518000000000E-08 0.0000000000000E+00 0.0000000000000E+00
 3.1196129710092E-09 0.0000000000000E+00 0.0000000000000E+00 0.0000000000000E+00
-4.2091499066329E-10 0.0000000000000E+00 0.0000000000000E+00 0.0000000000000E+00
 0.0000000000000E+00 0.0000000000000E+00 0.0000000000000E+00 0.0000000000000E+00
 0.0000000000000E+00 0.0000000000000E+00 0.0000000000000E+00 0.0000000000000E+00
 0.0000000000000E+00 0.0000000000000E+00 0.0000000000000E+00 0.0000000000000E+00
 0.0000000000000E+00 0.0000000000000E+00 0.0000000000000E+00 0.0000000000000E+00
-1.6413094676825E-01 0.0000000000000E+00 0.0000000000000E+00 0.0000000000000E+00
 0.0000000000000E+00 2.3984647560876E+00 0.0000000000000E+00 0.0000000000000E+00
 0.0000000000000E+00 0.0000000000000E+00-1.3462201478869E+00 0.0000000000000E+00
 0.0000000000000E+00 0.0000000000000E+00 0.0000000000000E+00 0.0000000000000E+00
 0.0000000000000E+00 0.0000000000000E+00 0.0000000000000E+00 0.0000000000000E+00
 0.0000000000000E+00 0.0000000000000E+00 0.0000000000000E+00 0.0000000000000E+00
 0.0000000000000E+00 0.0000000000000E+00 0.0000000000000E+00 0.0000000000000E+00
 0.0000000000000E+00-1.2258885577409E-08 0.0000000000000E+00 0.0000000000000E+00
 0.0000000000000E+00-1.6689375481673E-09 0.0000000000000E+00 0.0000000000000E+00
 0.0000000000000E+00 0.0000000000000E+00 0.0000000000000E+00 0.0000000000000E+00
 0.0000000000000E+00 0.0000000000000E+00 0.0000000000000E+00 0.0000000000000E+00
 0.0000000000000E+00 0.0000000000000E+00 0.0000000000000E+00 0.0000000000000E+00
 0.0000000000000E+00 0.0000000000000E+00 0.0000000000000E+00 0.0000000000000E+00
 0.0000000000000E+00 0.0000000000000E+00 0.0000000000000E+00 0.0000000000000E+00
 0.0000000000000E+00 0.0000000000000E+00-1.6413181331847E-01 0.0000000000000E+00
 0.0000000000000E+00 0.0000000000000E+00 0.0000000000000E+00 2.3984657951743E+00
 0.0000000000000E+00 0.0000000000000E+00 0.0000000000000E+00 0.0000000000000E+00
-1.3462231885315E+00 0.0000000000000E+00 0.0000000000000E+00 0.0000000000000E+00
 0.0000000000000E+00 0.0000000000000E+00 0.0000000000000E+00 0.0000000000000E+00
 0.0000000000000E+00 0.0000000000000E+00 0.0000000000000E+00 0.0000000000000E+00
 0.0000000000000E+00 0.0000000000000E+00 0.0000000000000E+00 0.0000000000000E+00
 0.0000000000000E+00 0.0000000000000E+00 0.0000000000000E+00-3.7120964494474E-09
 0.0000000000000E+00 0.0000000000000E+00 0.0000000000000E+00-8.3447009635832E-10
 0.0000000000000E+00 0.0000000000000E+00 0.0000000000000E+00 0.0000000000000E+00
 0.0000000000000E+00 0.0000000000000E+00 0.0000000000000E+00 0.0000000000000E+00
 0.0000000000000E+00 0.0000000000000E+00 0.0000000000000E+00 0.0000000000000E+00
 0.0000000000000E+00 0.0000000000000E+00 0.0000000000000E+00 0.0000000000000E+00
 0.0000000000000E+00 0.0000000000000E+00 0.0000000000000E+00 1.6413181406845E-01
 0.0000000000000E+00 0.0000000000000E+00 0.0000000000000E+00 0.0000000000000E+00
-2.3984657951553E+00 0.0000000000000E+00 0.0000000000000E+00 0.0000000000000E+00
 0.0000000000000E+00 1.3462231834584E+00 0.0000000000000E+00 0.0000000000000E+00
 0.0000000000000E+00 0.0000000000000E+00 0.0000000000000E+00 0.0000000000000E+00
 0.0000000000000E+00 0.0000000000000E+00 0.0000000000000E+00 0.0000000000000E+00
 0.0000000000000E+00 0.0000000000000E+00 0.0000000000000E+00 0.0000000000000E+00
 0.0000000000000E+00 0.0000000000000E+00 0.0000000000000E+00 0.0000000000000E+00
 3.2286222454787E-08 0.0000000000000E+00 0.0000000000000E+00 0.0000000000000E+00
 1.6689375481673E-09 0.0000000000000E+00 0.0000000000000E+00-2.0098283000000E-05
-4.6385038000000E-05-1.1959953600000E-04 1.3788892300000E-04-4.9707911000000E-05
 0.0000000000000E+00 0.0000000000000E+00 0.0000000000000E+00 0.0000000000000E+00
 0.0000000000000E+00 0.0000000000000E+00 0.0000000000000E+00 0.0000000000000E+00
 0.0000000000000E+00 0.0000000000000E+00 0.0000000000000E+00 0.0000000000000E+00
-2.3899289285500E-02 0.0000000000000E+00 0.0000000000000E+00-7.0861193076820E-02
 0.0000000000000E+00 3.4924087492650E-01 0.0000000000000E+00 0.0000000000000E+00
 1.0354962045504E+00 0.0000000000000E+00-1.9602382416150E-01 0.0000000000000E+00
 0.0000000000000E+00-5.8120898003823E-01 0.0000000000000E+00 0.0000000000000E+00
 0.0000000000000E+00 0.0000000000000E+00 0.0000000000000E+00 0.0000000000000E+00
 0.0000000000000E+00 0.0000000000000E+00 0.0000000000000E+00 0.0000000000000E+00
 0.0000000000000E+00 0.0000000000000E+00 0.0000000000000E+00 0.0000000000000E+00
 0.0000000000000E+00-5.6210000000000E-08 0.0000000000000E+00 0.0000000000000E+00
-6.1213851596042E-09 0.0000000000000E+00 0.0000000000000E+00 0.0000000000000E+00
-7.2053625986880E-10 0.0000000000000E+00-1.0000000000000E-12-1.0000000000000E-12
 1.0000000000000E-12-2.0000000000000E-12 0.0000000000000E+00 0.0000000000000E+00
 0.0000000000000E+00 0.0000000000000E+00 0.0000000000000E+00 0.0000000000000E+00
 0.0000000000000E+00 0.0000000000000E+00 0.0000000000000E+00 0.0000000000000E+00
 0.0000000000000E+00 0.0000000000000E+00 0.0000000000000E+00-3.2311200000000E-07
 0.0000000000000E+00 0.0000000000000E+00 2.6025371082082E-06 0.0000000000000E+00
 2.7399100000000E-07 0.0000000000000E+00 0.0000000000000E+00-2.2166292600786E-06
 0.0000000000000E+00-1.0772050000000E-07 0.0000000000000E+00 0.0000000000000E+00
 8.7121636005472E-07 0.0000000000000E+00 0.0000000000000E+00 0.0000000000000E+00
 0.0000000000000E+00 0.0000000000000E+00 0.0000000000000E+00 0.0000000000000E+00
 0.0000000000000E+00 0.0000000000000E+00 0.0000000000000E+00 0.0000000000000E+00
 0.0000000000000E+00 0.0000000000000E+00 0.0000000000000E+00 0.0000000000000E+00
-3.1192430539700E-01 0.0000000000000E+00 0.0000000000000E+00 3.7236718553431E-02
 0.0000000000000E+00 0.0000000000000E+00 0.0000000000000E+00-5.6918211395073E-03
 0.0000000000000E+00 0.0000000000000E+00 0.0000000000000E+00 0.0000000000000E+00
 0.0000000000000E+00 0.0000000000000E+00 0.0000000000000E+00 0.0000000000000E+00
 0.0000000000000E+00 0.0000000000000E+00 0.0000000000000E+00 0.0000000000000E+00
 0.0000000000000E+00 0.0000000000000E+00 0.0000000000000E+00 0.0000000000000E+00
 0.0000000000000E+00 0.0000000000000E+00 0.0000000000000E+00 0.0000000000000E+00
 0.0000000000000E+00 0.0000000000000E+00 6.3809790981322E-06 0.0000000000000E+00
 0.0000000000000E+00 0.0000000000000E+00 0.0000000000000E+00-5.4380194615772E-06
 0.0000000000000E+00 0.0000000000000E+00 0.0000000000000E+00 0.0000000000000E+00
 2.1372537016948E-06 0.0000000000000E+00 0.0000000000000E+00 0.0000000000000E+00
 0.0000000000000E+00 0.0000000000000E+00 0.0000000000000E+00 0.0000000000000E+00
 0.0000000000000E+00 0.0000000000000E+00 0.0000000000000E+00 0.0000000000000E+00
 0.0000000000000E+00 0.0000000000000E+00 0.0000000000000E+00 0.0000000000000E+00
 0.0000000000000E+00 0.0000000000000E+00 0.0000000000000E+00 2.4110773507110E-02
 0.0000000000000E+00 0.0000000000000E+00 0.0000000000000E+00-6.6642879244060E-03
 0.0000000000000E+00 0.0000000000000E+00 0.0000000000000E+00 0.0000000000000E+00
 0.0000000000000E+00 0.0000000000000E+00 0.0000000000000E+00 0.0000000000000E+00
 0.0000000000000E+00 0.0000000000000E+00 0.0000000000000E+00 0.0000000000000E+00
 0.0000000000000E+00 0.0000000000000E+00 0.0000000000000E+00 0.0000000000000E+00
 0.0000000000000E+00 0.0000000000000E+00 2.2601582949491E-06 0.0000000000000E+00
 0.0000000000000E+00 0.0000000000000E+00 0.0000000000000E+00-1.9159790148754E-06
 0.0000000000000E+00 0.0000000000000E+00 0.0000000000000E+00 0.0000000000000E+00
 7.5328968082140E-07 0.0000000000000E+00 0.0000000000000E+00 0.0000000000000E+00
 0.0000000000000E+00 0.0000000000000E+00 0.0000000000000E+00 0.0000000000000E+00
 0.0000000000000E+00 0.0000000000000E+00 0.0000000000000E+00 0.0000000000000E+00
 0.0000000000000E+00 0.0000000000000E+00 0.0000000000000E+00 0.0000000000000E+00
 0.0000000000000E+00 0.0000000000000E+00 0.0000000000000E+00 2.2978554056772E-01
 0.0000000000000E+00 0.0000000000000E+00 0.0000000000000E+00-1.3685614818482E-02
 0.0000000000000E+00 0.0000000000000E+00 0.0000000000000E+00 0.0000000000000E+00
 0.0000000000000E+00 0.0000000000000E+00 0.0000000000000E+00 0.0000000000000E+00
 0.0000000000000E+00 0.0000000000000E+00 0.0000000000000E+00 0.0000000000000E+00
 0.0000000000000E+00 0.0000000000000E+00 0.0000000000000E+00 0.0000000000000E+00
 0.0000000000000E+00 0.0000000000000E+00 0.0000000000000E+00 0.0000000000000E+00
 0.0000000000000E+00 0.0000000000000E+00-3.0422710332592E-06 0.0000000000000E+00
 0.0000000000000E+00 0.0000000000000E+00 0.0000000000000E+00 2.5890574227983E-06
 0.0000000000000E+00 0.0000000000000E+00 0.0000000000000E+00 0.0000000000000E+00
-1.0176508635298E-06 0.0000000000000E+00 0.0000000000000E+00 0.0000000000000E+00
 0.0000000000000E+00 0.0000000000000E+00 0.0000000000000E+00 0.0000000000000E+00
 0.0000000000000E+00 0.0000000000000E+00 0.0000000000000E+00 0.0000000000000E+00
 0.0000000000000E+00 0.0000000000000E+00 0.0000000000000E+00 0.0000000000000E+00
 0.0000000000000E+00 0.0000000000000E+00 0.0000000000000E+00-1.0740463681766E-01
 0.0000000000000E+00 0.0000000000000E+00 0.0000000000000E+00 1.8736290648411E-02
 0.0000000000000E+00 0.0000000000000E+00 0.0000000000000E+00 0.0000000000000E+00
 1.0000000000000E-12 0.0000000000000E+00 1.0000000000000E-12 0.0000000000000E+00
 0.0000000000000E+00 0.0000000000000E+00 0.0000000000000E+00 0.0000000000000E+00
 0.0000000000000E+00 0.0000000000000E+00 0.0000000000000E+00 0.0000000000000E+00
 0.0000000000000E+00 0.0000000000000E+00 0.0000000000000E+00-6.5354000000000E-08
 0.0000000000000E+00 0.0000000000000E+00-2.6836291289424E-06 0.0000000000000E+00
 5.2810000000000E-08 0.0000000000000E+00 0.0000000000000E+00 2.2917379112981E-06
 0.0000000000000E+00-2.0833000000000E-08 0.0000000000000E+00 0.0000000000000E+00
-9.0057548726842E-07 0.0000000000000E+00 0.0000000000000E+00 0.0000000000000E+00
 0.0000000000000E+00 0.0000000000000E+00 0.0000000000000E+00 0.0000000000000E+00
 0.0000000000000E+00 0.0000000000000E+00 0.0000000000000E+00 0.0000000000000E+00
 0.0000000000000E+00 0.0000000000000E+00 0.0000000000000E+00 0.0000000000000E+00
-5.8599404928700E-01 0.0000000000000E+00 0.0000000000000E+00 4.2364943010553E-02
 0.0000000000000E+00 0.0000000000000E+00 0.0000000000000E+00 4.0675659065290E-03
 0.0000000000000E+00 0.0000000000000E+00 0.0000000000000E+00 0.0000000000000E+00
 0.0000000000000E+00 0.0000000000000E+00 0.0000000000000E+00 0.0000000000000E+00
 0.0000000000000E+00 0.0000000000000E+00 0.0000000000000E+00 0.0000000000000E+00
 0.0000000000000E+00 0.0000000000000E+00 0.0000000000000E+00 0.0000000000000E+00
 0.0000000000000E+00 0.0000000000000E+00 0.0000000000000E+00 0.0000000000000E+00
 0.0000000000000E+00 0.0000000000000E+00-5.2719989275701E-06 0.0000000000000E+00
 0.0000000000000E+00 0.0000000000000E+00 0.0000000000000E+00 4.5064549872851E-06
 0.0000000000000E+00 0.0000000000000E+00 0.0000000000000E+00 0.0000000000000E+00
-1.7707690713213E-06 0.0000000000000E+00 0.0000000000000E+00 0.0000000000000E+00
 0.0000000000000E+00 0.0000000000000E+00 0.0000000000000E+00 0.0000000000000E+00
 0.0000000000000E+00 0.0000000000000E+00 0.0000000000000E+00 0.0000000000000E+00
 0.0000000000000E+00 0.0000000000000E+00 0.0000000000000E+00 0.0000000000000E+00
 0.0000000000000E+00 0.0000000000000E+00 0.0000000000000E+00 7.0528194053386E-02
 0.0000000000000E+00 0.0000000000000E+00 0.0000000000000E+00 2.2782539505797E-03
 0.0000000000000E+00 0.0000000000000E+00 0.0000000000000E+00 0.0000000000000E+00
 0.0000000000000E+00 0.0000000000000E+00 0.0000000000000E+00 0.0000000000000E+00
 0.0000000000000E+00 0.0000000000000E+00 0.0000000000000E+00 0.0000000000000E+00
 0.0000000000000E+00 0.0000000000000E+00 0.0000000000000E+00 0.0000000000000E+00
 0.0000000000000E+00 0.0000000000000E+00-5.3981840250539E-06 0.0000000000000E+00
 0.0000000000000E+00 0.0000000000000E+00 0.0000000000000E+00 4.6143478961902E-06
 0.0000000000000E+00 0.0000000000000E+00 0.0000000000000E+00 0.0000000000000E+00
-1.8131627468873E-06 0.0000000000000E+00 0.0000000000000E+00 0.0000000000000E+00
 0.0000000000000E+00 0.0000000000000E+00 0.0000000000000E+00 0.0000000000000E+00
 0.0000000000000E+00 0.0000000000000E+00 0.0000000000000E+00 0.0000000000000E+00
 0.0000000000000E+00 0.0000000000000E+00 0.0000000000000E+00 0.0000000000000E+00
 0.0000000000000E+00 0.0000000000000E+00 0.0000000000000E+00 2.1725240009235E-01
 0.0000000000000E+00 0.0000000000000E+00 0.0000000000000E+00 1.4475128457576E-02
 0.0000000000000E+00 0.0000000000000E+00 0.0000000000000E+00 0.0000000000000E+00
 0.0000000000000E+00-1.0000000000000E-12 0.0000000000000E+00-1.0000000000000E-12
 0.0000000000000E+00 0.0000000000000E+00 0.0000000000000E+00 0.0000000000000E+00
 0.0000000000000E+00 0.0000000000000E+00 0.0000000000000E+00 0.0000000000000E+00
 0.0000000000000E+00 0.0000000000000E+00 0.0000000000000E+00 0.0000000000000E+00
 1.9347240000000E-06 0.0000000000000E+00 0.0000000000000E+00 1.8923356553267E-06
 0.0000000000000E+00-1.6536410000000E-06 0.0000000000000E+00 0.0000000000000E+00
-1.6174063646159E-06 0.0000000000000E+00 6.4978600000000E-07 0.0000000000000E+00
 0.0000000000000E+00 6.3554919704988E-07 0.0000000000000E+00 0.0000000000000E+00
 0.0000000000000E+00 0.0000000000000E+00 0.0000000000000E+00 0.0000000000000E+00
 0.0000000000000E+00 0.0000000000000E+00 0.0000000000000E+00 0.0000000000000E+00
 0.0000000000000E+00 0.0000000000000E+00 0.0000000000000E+00 0.0000000000000E+00
 0.0000000000000E+00-7.4787311885100E-01 0.0000000000000E+00 0.0000000000000E+00
-4.8725701129992E-02 0.0000000000000E+00 0.0000000000000E+00 0.0000000000000E+00
-8.1317545126357E-04 0.0000000000000E+00 0.0000000000000E+00 0.0000000000000E+00
 0.0000000000000E+00 0.0000000000000E+00 0.0000000000000E+00 0.0000000000000E+00
 0.0000000000000E+00 0.0000000000000E+00 0.0000000000000E+00 0.0000000000000E+00
 0.0000000000000E+00 0.0000000000000E+00 0.0000000000000E+00 0.0000000000000E+00
 0.0000000000000E+00 0.0000000000000E+00 0.0000000000000E+00 0.0000000000000E+00
 0.0000000000000E+00 7.6960352096773E-06 0.0000000000000E+00 0.0000000000000E+00
 0.0000000000000E+00 0.0000000000000E+00-6.5779253993084E-06 0.0000000000000E+00
 0.0000000000000E+00 0.0000000000000E+00 0.0000000000000E+00 2.5847480803891E-06
 0.0000000000000E+00 0.0000000000000E+00 0.0000000000000E+00 0.0000000000000E+00
 0.0000000000000E+00 0.0000000000000E+00 0.0000000000000E+00 0.0000000000000E+00
 0.0000000000000E+00 0.0000000000000E+00 0.0000000000000E+00 0.0000000000000E+00
 0.0000000000000E+00 0.0000000000000E+00 0.0000000000000E+00 0.0000000000000E+00
 0.0000000000000E+00 0.0000000000000E+00-2.9742939328418E-01 0.0000000000000E+00
 0.0000000000000E+00 0.0000000000000E+00-6.7658561588231E-03 0.0000000000000E+00
 0.0000000000000E+00 0.0000000000000E+00 0.0000000000000E+00 0.0000000000000E+00
 0.0000000000000E+00 0.0000000000000E+00 1.4370175771300E+00 0.0000000000000E+00
 0.0000000000000E+00-1.7767241633060E+00 0.0000000000000E+00 0.0000000000000E+00
 1.0998500666970E+00 0.0000000000000E+00 0.0000000000000E+00-3.6939608448000E-01
 0.0000000000000E+00 0.0000000000000E+00 0.0000000000000E+00 0.0000000000000E+00
 0.0000000000000E+00 0.0000000000000E+00 0.0000000000000E+00 0.0000000000000E+00
 0.0000000000000E+00 0.0000000000000E+00 0.0000000000000E+00 0.0000000000000E+00
 0.0000000000000E+00 0.0000000000000E+00 0.0000000000000E+00 0.0000000000000E+00
 0.0000000000000E+00 0.0000000000000E+00-8.8823805301094E-08 0.0000000000000E+00
 0.0000000000000E+00 0.0000000000000E+00-5.1234168557495E-08 0.0000000000000E+00
 0.0000000000000E+00 1.5053747462564E-08 0.0000000000000E+00 0.0000000000000E+00
 0.0000000000000E+00 1.0842396004164E-08 0.0000000000000E+00 0.0000000000000E+00
 0.0000000000000E+00 0.0000000000000E+00 0.0000000000000E+00 0.0000000000000E+00
 0.0000000000000E+00 0.0000000000000E+00 0.0000000000000E+00 0.0000000000000E+00
 0.0000000000000E+00 0.0000000000000E+00 0.0000000000000E+00 0.0000000000000E+00
 0.0000000000000E+00 0.0000000000000E+00 0.0000000000000E+00-1.4370175772030E+00
 0.0000000000000E+00 0.0000000000000E+00 1.7767241631370E+00 0.0000000000000E+00
 0.0000000000000E+00-1.0998500668420E+00 0.0000000000000E+00 0.0000000000000E+00
 3.6939608399400E-01 0.0000000000000E+00 0.0000000000000E+00 0.0000000000000E+00
 0.0000000000000E+00 0.0000000000000E+00 0.0000000000000E+00 0.0000000000000E+00
 0.0000000000000E+00 0.0000000000000E+00 0.0000000000000E+00 0.0000000000000E+00
 0.0000000000000E+00 0.0000000000000E+00 0.0000000000000E+00 0.0000000000000E+00
 5.7388000000000E-07 0.0000000000000E+00 0.0000000000000E+00 1.0246700399283E-07
 0.0000000000000E+00 0.0000000000000E+00 0.0000000000000E+00-1.1021900000000E-07
 0.0000000000000E+00 0.0000000000000E+00-2.1683671860411E-08 0.0000000000000E+00
 0.0000000000000E+00 0.0000000000000E+00 0.0000000000000E+00 0.0000000000000E+00
 0.0000000000000E+00 0.0000000000000E+00 0.0000000000000E+00 0.0000000000000E+00
 0.0000000000000E+00 0.0000000000000E+00 0.0000000000000E+00 0.0000000000000E+00
 0.0000000000000E+00 0.0000000000000E+00 0.0000000000000E+00 0.0000000000000E+00
 0.0000000000000E+00 1.4370198938400E+00 0.0000000000000E+00 0.0000000000000E+00
-1.7767151170380E+00 0.0000000000000E+00 0.0000000000000E+00 1.0998472342620E+00
 0.0000000000000E+00 0.0000000000000E+00-3.6939180544400E-01 0.0000000000000E+00
 0.0000000000000E+00 0.0000000000000E+00 0.0000000000000E+00 0.0000000000000E+00
 0.0000000000000E+00 0.0000000000000E+00 0.0000000000000E+00 0.0000000000000E+00
 0.0000000000000E+00 0.0000000000000E+00 0.0000000000000E+00 0.0000000000000E+00
 0.0000000000000E+00 0.0000000000000E+00 0.0000000000000E+00 0.0000000000000E+00
 0.0000000000000E+00-2.9378159354215E-07 0.0000000000000E+00 0.0000000000000E+00
 0.0000000000000E+00-5.1237014607389E-08 0.0000000000000E+00 0.0000000000000E+00
 5.8432986062383E-08 0.0000000000000E+00 0.0000000000000E+00 0.0000000000000E+00
 1.0843450096717E-08 0.0000000000000E+00 0.0000000000000E+00 0.0000000000000E+00
 0.0000000000000E+00 0.0000000000000E+00 0.0000000000000E+00 0.0000000000000E+00
 0.0000000000000E+00 0.0000000000000E+00-1.3375300000000E-07 4.3713000000000E-08
 4.2290100000000E-07 1.7802400000000E-07 3.0828100000000E-07 0.0000000000000E+00
 0.0000000000000E+00 0.0000000000000E+00 0.0000000000000E+00 0.0000000000000E+00
 0.0000000000000E+00 0.0000000000000E+00 0.0000000000000E+00 0.0000000000000E+00
 0.0000000000000E+00 0.0000000000000E+00 0.0000000000000E+00-3.4494730106850E-01
 0.0000000000000E+00 0.0000000000000E+00-1.0595092505943E+00 0.0000000000000E+00
 2.8123927045300E-01 0.0000000000000E+00 0.0000000000000E+00 8.6382937555225E-01
 0.0000000000000E+00-1.0058514507050E-01 0.0000000000000E+00 0.0000000000000E+00
-3.0894832501657E-01 0.0000000000000E+00 0.0000000000000E+00 0.0000000000000E+00
 0.0000000000000E+00 0.0000000000000E+00 0.0000000000000E+00 0.0000000000000E+00
 0.0000000000000E+00 0.0000000000000E+00 0.0000000000000E+00 0.0000000000000E+00
 0.0000000000000E+00 0.0000000000000E+00 0.0000000000000E+00 0.0000000000000E+00
-1.3778460000000E-06 0.0000000000000E+00 0.0000000000000E+00-1.5372132546599E-07
 0.0000000000000E+00 0.0000000000000E+00 0.0000000000000E+00-1.9451401246380E-08
 0.0000000000000E+00 0.0000000000000E+00 0.0000000000000E+00 0.0000000000000E+00
 0.0000000000000E+00 0.0000000000000E+00 0.0000000000000E+00 0.0000000000000E+00
 0.0000000000000E+00 0.0000000000000E+00 0.0000000000000E+00 0.0000000000000E+00
 0.0000000000000E+00 0.0000000000000E+00 0.0000000000000E+00 0.0000000000000E+00
 0.0000000000000E+00 0.0000000000000E+00 0.0000000000000E+00 0.0000000000000E+00
 0.0000000000000E+00 0.0000000000000E+00 2.4327151735850E+00 0.0000000000000E+00
 0.0000000000000E+00 0.0000000000000E+00 0.0000000000000E+00-1.9834192391255E+00
 0.0000000000000E+00 0.0000000000000E+00 0.0000000000000E+00 0.0000000000000E+00
 7.0936917055370E-01 0.0000000000000E+00 0.0000000000000E+00 0.0000000000000E+00
 0.0000000000000E+00 0.0000000000000E+00 0.0000000000000E+00 0.0000000000000E+00
 0.0000000000000E+00 0.0000000000000E+00 0.0000000000000E+00 0.0000000000000E+00
 0.0000000000000E+00 0.0000000000000E+00 0.0000000000000E+00 0.0000000000000E+00
 0.0000000000000E+00 0.0000000000000E+00 0.0000000000000E+00 8.9233870350893E-08
 0.0000000000000E+00 0.0000000000000E+00 0.0000000000000E+00 2.2330961522426E-08
 0.0000000000000E+00 0.0000000000000E+00 0.0000000000000E+00 0.0000000000000E+00
 0.0000000000000E+00 0.0000000000000E+00 0.0000000000000E+00 0.0000000000000E+00
 0.0000000000000E+00 0.0000000000000E+00 0.0000000000000E+00 0.0000000000000E+00
 0.0000000000000E+00 0.0000000000000E+00 0.0000000000000E+00 0.0000000000000E+00
 0.0000000000000E+00 0.0000000000000E+00 0.0000000000000E+00 2.4327151734569E+00
 0.0000000000000E+00 0.0000000000000E+00 0.0000000000000E+00 0.0000000000000E+00
-1.9834192379252E+00 0.0000000000000E+00 0.0000000000000E+00 0.0000000000000E+00
 0.0000000000000E+00 7.0936916897580E-01 0.0000000000000E+00 0.0000000000000E+00
 0.0000000000000E+00 0.0000000000000E+00 0.0000000000000E+00 0.0000000000000E+00
 0.0000000000000E+00 0.0000000000000E+00 0.0000000000000E+00 0.0000000000000E+00
 0.0000000000000E+00 0.0000000000000E+00 0.0000000000000E+00 0.0000000000000E+00
 0.0000000000000E+00 0.0000000000000E+00 0.0000000000000E+00 0.0000000000000E+00
 8.0337474219918E-07 0.0000000000000E+00 0.0000000000000E+00 0.0000000000000E+00
 4.4661868399276E-08 0.0000000000000E+00 0.0000000000000E+00 0.0000000000000E+00
 0.0000000000000E+00 0.0000000000000E+00 0.0000000000000E+00 0.0000000000000E+00
 0.0000000000000E+00 0.0000000000000E+00 0.0000000000000E+00 0.0000000000000E+00
 0.0000000000000E+00 0.0000000000000E+00 0.0000000000000E+00 0.0000000000000E+00
 0.0000000000000E+00 0.0000000000000E+00 0.0000000000000E+00 0.0000000000000E+00
 0.0000000000000E+00 2.4327151864282E+00 0.0000000000000E+00 0.0000000000000E+00
 0.0000000000000E+00 0.0000000000000E+00-1.9834198351658E+00 0.0000000000000E+00
 0.0000000000000E+00 0.0000000000000E+00 0.0000000000000E+00 7.0936894131678E-01
 0.0000000000000E+00 0.0000000000000E+00 0.0000000000000E+00 0.0000000000000E+00
 0.0000000000000E+00 0.0000000000000E+00 0.0000000000000E+00 0.0000000000000E+00
 0.0000000000000E+00 0.0000000000000E+00 0.0000000000000E+00 0.0000000000000E+00
 0.0000000000000E+00 0.0000000000000E+00 0.0000000000000E+00 0.0000000000000E+00
 0.0000000000000E+00 0.0000000000000E+00 2.6743097567055E-07 0.0000000000000E+00
 0.0000000000000E+00 0.0000000000000E+00 4.4661848478800E-08 0.0000000000000E+00
 0.0000000000000E+00 0.0000000000000E+00 7.9600000000000E-10 1.8340000000000E-09
 7.9850000000000E-09-1.7245000000000E-08 2.0300000000000E-09 0.0000000000000E+00
 0.0000000000000E+00 0.0000000000000E+00 0.0000000000000E+00 0.0000000000000E+00
 0.0000000000000E+00 0.0000000000000E+00 0.0000000000000E+00 0.0000000000000E+00
 0.0000000000000E+00 0.0000000000000E+00 0.0000000000000E+00 6.1170795529550E-01
 0.0000000000000E+00 0.0000000000000E+00-5.9746625582538E-01 0.0000000000000E+00
-4.9873232001150E-01 0.0000000000000E+00 0.0000000000000E+00 4.8712090846818E-01
 0.0000000000000E+00 1.7837132264700E-01 0.0000000000000E+00 0.0000000000000E+00
-1.7421850504925E-01 0.0000000000000E+00 0.0000000000000E+00 0.0000000000000E+00
 0.0000000000000E+00 0.0000000000000E+00 0.0000000000000E+00 0.0000000000000E+00
 0.0000000000000E+00 0.0000000000000E+00 0.0000000000000E+00 0.0000000000000E+00
 0.0000000000000E+00 0.0000000000000E+00 0.0000000000000E+00 0.0000000000000E+00
 1.3522760000000E-06 0.0000000000000E+00 0.0000000000000E+00 9.0932014908606E-08
 0.0000000000000E+00 0.0000000000000E+00 0.0000000000000E+00-1.0968799280233E-08
 0.0000000000000E+00 0.0000000000000E+00 0.0000000000000E+00 0.0000000000000E+00
 0.0000000000000E+00 0.0000000000000E+00 0.0000000000000E+00-1.5430490000000E-06
 0.0000000000000E+00 0.0000000000000E+00 1.5854240000000E-06 0.0000000000000E+00
 0.0000000000000E+00-8.5274300000000E-07 0.0000000000000E+00 0.0000000000000E+00
 3.4978500000000E-07 0.0000000000000E+00 0.0000000000000E+00 0.0000000000000E+00
 0.0000000000000E+00 0.0000000000000E+00 0.0000000000000E+00 0.0000000000000E+00
 0.0000000000000E+00 0.0000000000000E+00 0.0000000000000E+00 0.0000000000000E+00
 0.0000000000000E+00 0.0000000000000E+00 0.0000000000000E+00 0.0000000000000E+00
 0.0000000000000E+00 0.0000000000000E+00 0.0000000000000E+00-2.9501663850893E-01
 0.0000000000000E+00 0.0000000000000E+00 0.0000000000000E+00-5.0284826216114E-02
 0.0000000000000E+00 0.0000000000000E+00 1.3756188387796E-01 0.0000000000000E+00
 0.0000000000000E+00 0.0000000000000E+00 2.3447068636825E-02 0.0000000000000E+00
 0.0000000000000E+00 0.0000000000000E+00 0.0000000000000E+00 0.0000000000000E+00
 0.0000000000000E+00 0.0000000000000E+00 0.0000000000000E+00 0.0000000000000E+00
 0.0000000000000E+00 0.0000000000000E+00 0.0000000000000E+00 0.0000000000000E+00
 0.0000000000000E+00 1.2695320000000E-06 0.0000000000000E+00 0.0000000000000E+00
-1.3078790000000E-06 0.0000000000000E+00 0.0000000000000E+00 7.0519400000000E-07
 0.0000000000000E+00 0.0000000000000E+00-2.8850900000000E-07 0.0000000000000E+00
 0.0000000000000E+00 0.0000000000000E+00 0.0000000000000E+00 0.0000000000000E+00
 0.0000000000000E+00 0.0000000000000E+00 0.0000000000000E+00 0.0000000000000E+00
 0.0000000000000E+00 0.0000000000000E+00 0.0000000000000E+00 0.0000000000000E+00
 0.0000000000000E+00 0.0000000000000E+00 0.0000000000000E+00 0.0000000000000E+00
 0.0000000000000E+00 1.2087851461324E-01 0.0000000000000E+00 0.0000000000000E+00
 0.0000000000000E+00 6.1119694503426E-02 0.0000000000000E+00 0.0000000000000E+00
-5.6363852832112E-02 0.0000000000000E+00 0.0000000000000E+00 0.0000000000000E+00
-2.8499203939828E-02 0.0000000000000E+00 0.0000000000000E+00 0.0000000000000E+00
 0.0000000000000E+00 0.0000000000000E+00 0.0000000000000E+00 0.0000000000000E+00
 0.0000000000000E+00 0.0000000000000E+00 0.0000000000000E+00 0.0000000000000E+00
 0.0000000000000E+00 0.0000000000000E+00 0.0000000000000E+00 0.0000000000000E+00
 0.0000000000000E+00 0.0000000000000E+00 1.2497880000000E-06 0.0000000000000E+00
 0.0000000000000E+00-1.2813080000000E-06 0.0000000000000E+00 0.0000000000000E+00
 6.8778800000000E-07 0.0000000000000E+00 0.0000000000000E+00-2.8299500000000E-07
 0.0000000000000E+00 0.0000000000000E+00 0.0000000000000E+00 0.0000000000000E+00
 0.0000000000000E+00 0.0000000000000E+00 0.0000000000000E+00 0.0000000000000E+00
 0.0000000000000E+00 0.0000000000000E+00 0.0000000000000E+00 0.0000000000000E+00
 0.0000000000000E+00 0.0000000000000E+00 0.0000000000000E+00 7.3035328255800E-01
 0.0000000000000E+00 0.0000000000000E+00 1.2241159492662E-01 0.0000000000000E+00
 0.0000000000000E+00 0.0000000000000E+00-3.4055286662000E-01 0.0000000000000E+00
 0.0000000000000E+00-5.7078704781154E-02 0.0000000000000E+00 0.0000000000000E+00
 0.0000000000000E+00 0.0000000000000E+00 0.0000000000000E+00 0.0000000000000E+00
 0.0000000000000E+00 0.0000000000000E+00 0.0000000000000E+00 0.0000000000000E+00
 0.0000000000000E+00 0.0000000000000E+00 0.0000000000000E+00 0.0000000000000E+00
 0.0000000000000E+00 0.0000000000000E+00 0.0000000000000E+00 0.0000000000000E+00
 0.0000000000000E+00 0.0000000000000E+00 0.0000000000000E+00 0.0000000000000E+00
 0.0000000000000E+00 0.0000000000000E+00 0.0000000000000E+00 0.0000000000000E+00
 0.0000000000000E+00 0.0000000000000E+00 0.0000000000000E+00 0.0000000000000E+00
 0.0000000000000E+00 0.0000000000000E+00 0.0000000000000E+00 0.0000000000000E+00
 0.0000000000000E+00 0.0000000000000E+00 0.0000000000000E+00 0.0000000000000E+00
 0.0000000000000E+00 0.0000000000000E+00 0.0000000000000E+00 0.0000000000000E+00
 0.0000000000000E+00 0.0000000000000E+00 0.0000000000000E+00 0.0000000000000E+00
 0.0000000000000E+00 0.0000000000000E+00-1.5451492775950E-01 0.0000000000000E+00
 0.0000000000000E+00 0.0000000000000E+00 0.0000000000000E+00 0.0000000000000E+00
 0.0000000000000E+00 7.2047987207393E-02 0.0000000000000E+00 0.0000000000000E+00
 0.0000000000000E+00 0.0000000000000E+00 0.0000000000000E+00 0.0000000000000E+00
 0.0000000000000E+00 0.0000000000000E+00 0.0000000000000E+00 0.0000000000000E+00
 0.0000000000000E+00 0.0000000000000E+00 0.0000000000000E+00 0.0000000000000E+00
 0.0000000000000E+00 0.0000000000000E+00 0.0000000000000E+00-1.4494000000000E-08
 0.0000000000000E+00 0.0000000000000E+00 2.4826000000000E-08 0.0000000000000E+00
 0.0000000000000E+00-1.8276000000000E-08 0.0000000000000E+00 0.0000000000000E+00
 4.9260000000000E-09 0.0000000000000E+00 0.0000000000000E+00 0.0000000000000E+00
 0.0000000000000E+00 0.0000000000000E+00 0.0000000000000E+00 0.0000000000000E+00
 0.0000000000000E+00 0.0000000000000E+00 0.0000000000000E+00 0.0000000000000E+00
 0.0000000000000E+00 0.0000000000000E+00 0.0000000000000E+00 0.0000000000000E+00
 0.0000000000000E+00 0.0000000000000E+00 0.0000000000000E+00 3.8950457865602E-01
 0.0000000000000E+00 0.0000000000000E+00 0.0000000000000E+00-3.8086483212995E-02
 0.0000000000000E+00 0.0000000000000E+00-1.8162012813759E-01 0.0000000000000E+00
 0.0000000000000E+00 0.0000000000000E+00 1.7759154289446E-02 0.0000000000000E+00
 0.0000000000000E+00 0.0000000000000E+00 0.0000000000000E+00 0.0000000000000E+00
 0.0000000000000E+00 0.0000000000000E+00 0.0000000000000E+00 0.0000000000000E+00
 0.0000000000000E+00 0.0000000000000E+00 0.0000000000000E+00 0.0000000000000E+00
 0.0000000000000E+00 3.4802000000000E-08 0.0000000000000E+00 0.0000000000000E+00
-4.7915000000000E-08 0.0000000000000E+00 0.0000000000000E+00 3.1799000000000E-08
 0.0000000000000E+00 0.0000000000000E+00-9.8960000000000E-09 0.0000000000000E+00
 0.0000000000000E+00 0.0000000000000E+00 0.0000000000000E+00 0.0000000000000E+00
 0.0000000000000E+00 0.0000000000000E+00 0.0000000000000E+00 0.0000000000000E+00
 0.0000000000000E+00 0.0000000000000E+00 0.0000000000000E+00 0.0000000000000E+00
 0.0000000000000E+00 0.0000000000000E+00 0.0000000000000E+00 0.0000000000000E+00
 0.0000000000000E+00-4.7343109239819E-01 0.0000000000000E+00 0.0000000000000E+00
 0.0000000000000E+00 1.5605348279581E-02 0.0000000000000E+00 0.0000000000000E+00
 2.2075367630958E-01 0.0000000000000E+00 0.0000000000000E+00 0.0000000000000E+00
-7.2765351323097E-03 0.0000000000000E+00 0.0000000000000E+00 0.0000000000000E+00
 0.0000000000000E+00 0.0000000000000E+00 0.0000000000000E+00 0.0000000000000E+00
 0.0000000000000E+00 0.0000000000000E+00 0.0000000000000E+00 0.0000000000000E+00
 0.0000000000000E+00 0.0000000000000E+00 0.0000000000000E+00 0.0000000000000E+00
 0.0000000000000E+00 0.0000000000000E+00-3.4817000000000E-08 0.0000000000000E+00
 0.0000000000000E+00 4.7946000000000E-08 0.0000000000000E+00 0.0000000000000E+00
-3.1822000000000E-08 0.0000000000000E+00 0.0000000000000E+00 9.9010000000000E-09
 0.0000000000000E+00 0.0000000000000E+00 0.0000000000000E+00 0.0000000000000E+00
 0.0000000000000E+00 0.0000000000000E+00 0.0000000000000E+00 0.0000000000000E+00
 0.0000000000000E+00 0.0000000000000E+00 0.0000000000000E+00 0.0000000000000E+00
 0.0000000000000E+00 0.0000000000000E+00 0.0000000000000E+00 9.4819608625400E-01
 0.0000000000000E+00 0.0000000000000E+00-9.4288198243635E-02 0.0000000000000E+00
 0.0000000000000E+00 0.0000000000000E+00-4.4212933088500E-01 0.0000000000000E+00
 0.0000000000000E+00 4.3965144388819E-02 0.0000000000000E+00 0.0000000000000E+00
 0.0000000000000E+00 0.0000000000000E+00 0.0000000000000E+00 0.0000000000000E+00
 0.0000000000000E+00 0.0000000000000E+00 0.0000000000000E+00 0.0000000000000E+00
 0.0000000000000E+00 0.0000000000000E+00 9.0352273172320E+00 9.7685263823480E+00
 2.1044713605020E+00-1.5826760435560E+00 5.2310989464400E-01 0.0000000000000E+00
 0.0000000000000E+00 0.0000000000000E+00 0.0000000000000E+00 0.0000000000000E+00
 0.0000000000000E+00 0.0000000000000E+00 0.0000000000000E+00 0.0000000000000E+00
 0.0000000000000E+00 0.0000000000000E+00 0.0000000000000E+00-1.2487500000000E-08
 0.0000000000000E+00 0.0000000000000E+00-3.7991668438620E-08 0.0000000000000E+00
 2.6610500000000E-08 0.0000000000000E+00 0.0000000000000E+00 7.9441376314550E-08
 0.0000000000000E+00-1.2747500000000E-08 0.0000000000000E+00 0.0000000000000E+00
-3.7820195408670E-08 0.0000000000000E+00 0.0000000000000E+00 0.0000000000000E+00
 0.0000000000000E+00 0.0000000000000E+00 0.0000000000000E+00 0.0000000000000E+00
 0.0000000000000E+00 0.0000000000000E+00 0.0000000000000E+00 0.0000000000000E+00
 0.0000000000000E+00 0.0000000000000E+00 0.0000000000000E+00 0.0000000000000E+00
 0.0000000000000E+00 0.0000000000000E+00 0.0000000000000E+00 0.0000000000000E+00
 0.0000000000000E+00 0.0000000000000E+00 0.0000000000000E+00 0.0000000000000E+00
 0.0000000000000E+00

EIGENVALUES
-----------
k 1 0.00000000 0.00000000 0.00000000
-7.6983136343778E+00-4.9625099355505E-01-3.0942309210582E-01-3.0942276479699E-01
-3.0942276248607E-01-3.6760390748016E-02 3.4159493152723E-03 3.4159513045923E-03
 3.4159549436278E-03 1.3437894432052E-01 1.3437894460508E-01 1.3437895237964E-01
 1.3437895313034E-01 1.3437894919156E-01 6.2654607000213E-01 6.2654608603430E-01
 6.2654636051155E-01 8.9083326406301E-01 8.9083326793244E-01 8.9083326839512E-01
 8.9083325609870E-01 8.9083325633324E-01 8.9083326827762E-01 8.9083326734093E-01
 8.8212171476534E-01 9.5562899702312E-01 9.5562899479866E-01 9.5562901031965E-01
 9.5562903104962E-01 9.5562903079622E-01 2.9967388211993E+00 2.9967387978862E+00
 2.9967387982683E+00 2.9967388364296E+00 2.9967388177984E+00 2.9967388443982E+00
 2.9967388174427E+00 2.9967388137291E+00 2.9967388205400E+00 3.2031383870330E+00
 3.2031383463241E+00 3.2031383683427E+00 3.4258321839515E+00 3.4258321851322E+00
 3.4258322578487E+00 3.4258322055504E+00 3.4258322484006E+00 3.4991128326572E+00
 3.4991128917278E+00 3.4991128540680E+00 3.4991128477182E+00 3.4991128354050E+00
 3.4991128229774E+00 3.4991128939224E+00 1.2293333270669E+01
