TITLE
 generated from Orca output data.
BASIC_INFO
----------
Generated by:
 molden2qmc version: 4.0.5
Method:

DFT Functional:

Periodicity:
         0
Spin unrestricted:
    .false.
nuclear-nuclear repulsion energy (au/atom):
 0.0000000000000E+00
Number of electrons per primitive cell:
        10

GEOMETRY
--------
Number of atoms:
         1
Atomic positions (au):
 0.0000000000000E+00 0.0000000000000E+00 0.0000000000000E+00
Atomic numbers for each atom:
        10
Valence charges for each atom:
 1.0000000000000E+01

BASIS SET
---------
Number of Gaussian centres
         1
Number of shells per primitive cell
        15
Number of basis functions ('AO') per primitive cell
        55
Number of Gaussian primitives per primitive cell
        33
Highest shell angular momentum (s/p/d/f... 1/2/3/4...)
         5
Code for shell types (s/sp/p/d/f... 1/2/3/4/5...)
         1         1         1         1         1         3         3         3
         3         4         4         4         5         5         6
Number of primitive Gaussians in each shell
         9         9         1         1         1         3         1         1
         1         1         1         1         1         1         1
Sequence number of first shell on each centre
         1        16
Exponents of Gaussian primitives
 9.9920000000000E+04 1.4960000000000E+04 3.3990000000000E+03 9.5890000000000E+02
 3.1120000000000E+02 1.1170000000000E+02 4.3320000000000E+01 1.7800000000000E+01
 7.5030000000000E+00 9.9920000000000E+04 1.4960000000000E+04 3.3990000000000E+03
 9.5890000000000E+02 3.1120000000000E+02 1.1170000000000E+02 4.3320000000000E+01
 1.7800000000000E+01 7.5030000000000E+00 2.3370000000000E+00 9.0010000000000E-01
 3.3010000000000E-01 9.9680000000000E+01 2.3150000000000E+01 7.1080000000000E+00
 2.4410000000000E+00 8.3390000000000E-01 2.6620000000000E-01 6.4710000000000E+00
 2.2130000000000E+00 7.4700000000000E-01 4.6570000000000E+00 1.5240000000000E+00
 2.9830000000000E+00
Normalized contraction coefficients
 3.4756041610000E-01 6.5075475640000E-01 1.1261642763000E+00 1.8174556384000E+00
 2.7153054602000E+00 3.5515844343000E+00 3.6981505736000E+00 2.4933400816000E+00
 7.1278132410000E-01-2.1948606740000E-01-4.1734327960000E-01-7.1627241770000E-01
-1.1777027138000E+00-1.7699064398000E+00-2.4835833591000E+00-2.8393746319000E+00
-2.6801291662000E+00-1.0117296672000E+00 1.3471133080000E+00 6.5860976190000E-01
 3.1038036210000E-01 1.4131364604700E+01 1.5954068504100E+01 1.3753212024400E+01
 4.3491041913000E+00 1.1358802679000E+00 2.7255248860000E-01 4.3212501326710E+01
 6.6088657606799E+00 9.8791711503068E-01 4.6902229243273E+01 3.7990116508009E+00
 2.2476664965855E+01
Position of each shell (au)
 0.0000000000000E+00 0.0000000000000E+00 0.0000000000000E+00
 0.0000000000000E+00 0.0000000000000E+00 0.0000000000000E+00
 0.0000000000000E+00 0.0000000000000E+00 0.0000000000000E+00
 0.0000000000000E+00 0.0000000000000E+00 0.0000000000000E+00
 0.0000000000000E+00 0.0000000000000E+00 0.0000000000000E+00
 0.0000000000000E+00 0.0000000000000E+00 0.0000000000000E+00
 0.0000000000000E+00 0.0000000000000E+00 0.0000000000000E+00
 0.0000000000000E+00 0.0000000000000E+00 0.0000000000000E+00
 0.0000000000000E+00 0.0000000000000E+00 0.0000000000000E+00
 0.0000000000000E+00 0.0000000000000E+00 0.0000000000000E+00
 0.0000000000000E+00 0.0000000000000E+00 0.0000000000000E+00
 0.0000000000000E+00 0.0000000000000E+00 0.0000000000000E+00
 0.0000000000000E+00 0.0000000000000E+00 0.0000000000000E+00
 0.0000000000000E+00 0.0000000000000E+00 0.0000000000000E+00
 0.0000000000000E+00 0.0000000000000E+00 0.0000000000000E+00

MULTIDETERMINANT INFORMATION
----------------------------
GS

ORBITAL COEFFICIENTS
------------------------
 9.9084099974900E-01-4.3125434900000E-03 1.5308144735000E-02-8.7357791400000E-03
-2.2218425690000E-03 0.0000000000000E+00 0.0000000000000E+00 0.0000000000000E+00
 0.0000000000000E+00 0.0000000000000E+00 0.0000000000000E+00 0.0000000000000E+00
 0.0000000000000E+00 0.0000000000000E+00 0.0000000000000E+00 0.0000000000000E+00
 0.0000000000000E+00-2.3065000000000E-09 0.0000000000000E+00 0.0000000000000E+00
-4.8073070164074E-09 0.0000000000000E+00 2.2750000000000E-10 0.0000000000000E+00
 0.0000000000000E+00 2.4188089527699E-09 0.0000000000000E+00-1.8850000000000E-10
 0.0000000000000E+00 0.0000000000000E+00-6.4077219626011E-09 0.0000000000000E+00
 0.0000000000000E+00 0.0000000000000E+00 0.0000000000000E+00 0.0000000000000E+00
 0.0000000000000E+00 0.0000000000000E+00 0.0000000000000E+00 0.0000000000000E+00
 0.0000000000000E+00 0.0000000000000E+00 0.0000000000000E+00 0.0000000000000E+00
 0.0000000000000E+00 0.0000000000000E+00 2.3600000000000E-10 0.0000000000000E+00
 0.0000000000000E+00 2.9367026104497E-11 0.0000000000000E+00 0.0000000000000E+00
 0.0000000000000E+00-2.5706775247992E-12 0.0000000000000E+00 7.6728640000000E-06
-9.4235830000000E-06-5.5418971000000E-05 3.1156332000000E-05 1.4168121000000E-05
 0.0000000000000E+00 0.0000000000000E+00 0.0000000000000E+00 0.0000000000000E+00
 0.0000000000000E+00 0.0000000000000E+00 0.0000000000000E+00 0.0000000000000E+00
 0.0000000000000E+00 0.0000000000000E+00 0.0000000000000E+00 0.0000000000000E+00
-9.3068548361000E-02 0.0000000000000E+00 0.0000000000000E+00-7.3783426954650E-02
 0.0000000000000E+00-2.8119844455000E-01 0.0000000000000E+00 0.0000000000000E+00
-2.2292577435558E-01 0.0000000000000E+00-1.6110647729700E-01 0.0000000000000E+00
 0.0000000000000E+00-1.2771336223329E-01 0.0000000000000E+00 0.0000000000000E+00
 0.0000000000000E+00 0.0000000000000E+00 0.0000000000000E+00 0.0000000000000E+00
 0.0000000000000E+00 0.0000000000000E+00 0.0000000000000E+00 0.0000000000000E+00
 0.0000000000000E+00 0.0000000000000E+00 0.0000000000000E+00 0.0000000000000E+00
 0.0000000000000E+00 1.1097063000000E-05 0.0000000000000E+00 0.0000000000000E+00
 1.9435239493595E-07 0.0000000000000E+00 0.0000000000000E+00 0.0000000000000E+00
 4.6439366957972E-08 0.0000000000000E+00 0.0000000000000E+00 0.0000000000000E+00
 0.0000000000000E+00 0.0000000000000E+00 0.0000000000000E+00 0.0000000000000E+00
 0.0000000000000E+00 3.5747839419700E-01 0.0000000000000E+00 0.0000000000000E+00
 6.3801151139000E-01 0.0000000000000E+00 0.0000000000000E+00-4.0722570977100E-01
 0.0000000000000E+00 0.0000000000000E+00-5.9794484128000E-01 0.0000000000000E+00
 0.0000000000000E+00 0.0000000000000E+00 0.0000000000000E+00 0.0000000000000E+00
 0.0000000000000E+00 0.0000000000000E+00 0.0000000000000E+00 0.0000000000000E+00
 0.0000000000000E+00 0.0000000000000E+00 0.0000000000000E+00 0.0000000000000E+00
 0.0000000000000E+00 0.0000000000000E+00 3.8005880000000E-06 0.0000000000000E+00
 0.0000000000000E+00 3.4406809451037E-08 0.0000000000000E+00 0.0000000000000E+00
 0.0000000000000E+00-1.7872610000000E-06 0.0000000000000E+00 0.0000000000000E+00
 9.7999001305200E-08 0.0000000000000E+00 0.0000000000000E+00 0.0000000000000E+00
 0.0000000000000E+00 0.0000000000000E+00 0.0000000000000E+00 0.0000000000000E+00
 0.0000000000000E+00 0.0000000000000E+00 0.0000000000000E+00 0.0000000000000E+00
 0.0000000000000E+00 0.0000000000000E+00 0.0000000000000E+00 0.0000000000000E+00
 0.0000000000000E+00 0.0000000000000E+00 0.0000000000000E+00-3.5748020596600E-01
 0.0000000000000E+00 0.0000000000000E+00-6.3800966507800E-01 0.0000000000000E+00
 0.0000000000000E+00 4.0722625525800E-01 0.0000000000000E+00 0.0000000000000E+00
 5.9794410200100E-01 0.0000000000000E+00 0.0000000000000E+00 0.0000000000000E+00
 0.0000000000000E+00 0.0000000000000E+00 0.0000000000000E+00 0.0000000000000E+00
 0.0000000000000E+00 0.0000000000000E+00 0.0000000000000E+00 0.0000000000000E+00
 0.0000000000000E+00 0.0000000000000E+00 0.0000000000000E+00 0.0000000000000E+00
 0.0000000000000E+00 0.0000000000000E+00 0.0000000000000E+00 9.7057560947314E-07
 0.0000000000000E+00 0.0000000000000E+00 0.0000000000000E+00 2.1948035812149E-07
 0.0000000000000E+00 0.0000000000000E+00-1.1424828408631E-08 0.0000000000000E+00
 0.0000000000000E+00 0.0000000000000E+00 3.5583687484928E-08 0.0000000000000E+00
 0.0000000000000E+00 0.0000000000000E+00 0.0000000000000E+00 0.0000000000000E+00
 0.0000000000000E+00 0.0000000000000E+00 0.0000000000000E+00 0.0000000000000E+00
 0.0000000000000E+00 0.0000000000000E+00 0.0000000000000E+00 0.0000000000000E+00
 0.0000000000000E+00 3.5747863856500E-01 0.0000000000000E+00 0.0000000000000E+00
 6.3801031934600E-01 0.0000000000000E+00 0.0000000000000E+00-4.0722401180300E-01
 0.0000000000000E+00 0.0000000000000E+00-5.9794603118200E-01 0.0000000000000E+00
 0.0000000000000E+00 0.0000000000000E+00 0.0000000000000E+00 0.0000000000000E+00
 0.0000000000000E+00 0.0000000000000E+00 0.0000000000000E+00 0.0000000000000E+00
 0.0000000000000E+00 0.0000000000000E+00 0.0000000000000E+00 0.0000000000000E+00
 0.0000000000000E+00 0.0000000000000E+00 0.0000000000000E+00 0.0000000000000E+00
 0.0000000000000E+00-7.3730294455038E-07 0.0000000000000E+00 0.0000000000000E+00
 0.0000000000000E+00 1.8720878755319E-07 0.0000000000000E+00 0.0000000000000E+00
 4.7505404071537E-07 0.0000000000000E+00 0.0000000000000E+00 0.0000000000000E+00
 3.2594175594260E-08 0.0000000000000E+00 0.0000000000000E+00 0.0000000000000E+00
 0.0000000000000E+00 0.0000000000000E+00 0.0000000000000E+00 0.0000000000000E+00
 0.0000000000000E+00 0.0000000000000E+00 0.0000000000000E+00 0.0000000000000E+00
 0.0000000000000E+00 0.0000000000000E+00 0.0000000000000E+00 0.0000000000000E+00
-2.0977282436900E-01 0.0000000000000E+00 0.0000000000000E+00-3.6597877087700E-01
 0.0000000000000E+00 0.0000000000000E+00-4.2977800624400E-01 0.0000000000000E+00
 0.0000000000000E+00-2.5048334348500E-01 0.0000000000000E+00 0.0000000000000E+00
 0.0000000000000E+00 0.0000000000000E+00 0.0000000000000E+00 0.0000000000000E+00
 0.0000000000000E+00 0.0000000000000E+00 0.0000000000000E+00 0.0000000000000E+00
 0.0000000000000E+00 0.0000000000000E+00 0.0000000000000E+00 0.0000000000000E+00
 0.0000000000000E+00 0.0000000000000E+00 0.0000000000000E+00 0.0000000000000E+00
-1.0357259129068E-09 0.0000000000000E+00 0.0000000000000E+00 0.0000000000000E+00
 2.7163965100846E-10 0.0000000000000E+00 0.0000000000000E+00 7.4978881026593E-09
 0.0000000000000E+00 0.0000000000000E+00 0.0000000000000E+00 2.1151421176313E-09
 0.0000000000000E+00 0.0000000000000E+00 0.0000000000000E+00 0.0000000000000E+00
 0.0000000000000E+00 0.0000000000000E+00 0.0000000000000E+00 0.0000000000000E+00
 0.0000000000000E+00 0.0000000000000E+00 0.0000000000000E+00 0.0000000000000E+00
 0.0000000000000E+00 0.0000000000000E+00 0.0000000000000E+00 0.0000000000000E+00
-2.0977290282400E-01 0.0000000000000E+00 0.0000000000000E+00-3.6597894650200E-01
 0.0000000000000E+00 0.0000000000000E+00-4.2977818519200E-01 0.0000000000000E+00
 0.0000000000000E+00-2.5048279218500E-01 0.0000000000000E+00 0.0000000000000E+00
 0.0000000000000E+00 0.0000000000000E+00 0.0000000000000E+00 0.0000000000000E+00
 0.0000000000000E+00 0.0000000000000E+00 0.0000000000000E+00 0.0000000000000E+00
 0.0000000000000E+00 0.0000000000000E+00 0.0000000000000E+00 0.0000000000000E+00
 0.0000000000000E+00 0.0000000000000E+00 0.0000000000000E+00 0.0000000000000E+00
 3.7007707530549E-09 0.0000000000000E+00 0.0000000000000E+00 0.0000000000000E+00
 2.1430228656684E-09 0.0000000000000E+00 0.0000000000000E+00-1.0901454100257E-08
 0.0000000000000E+00 0.0000000000000E+00 0.0000000000000E+00 3.1369267342594E-09
 0.0000000000000E+00 0.0000000000000E+00 0.0000000000000E+00 0.0000000000000E+00
 0.0000000000000E+00 0.0000000000000E+00 0.0000000000000E+00 0.0000000000000E+00
 0.0000000000000E+00 0.0000000000000E+00 0.0000000000000E+00 0.0000000000000E+00
 0.0000000000000E+00 0.0000000000000E+00 0.0000000000000E+00 0.0000000000000E+00
 2.0977284733500E-01 0.0000000000000E+00 0.0000000000000E+00 3.6597876537600E-01
 0.0000000000000E+00 0.0000000000000E+00 4.2977777645400E-01 0.0000000000000E+00
 0.0000000000000E+00 2.5048364976100E-01 0.0000000000000E+00 0.0000000000000E+00
 0.0000000000000E+00 0.0000000000000E+00 0.0000000000000E+00 0.0000000000000E+00
 0.0000000000000E+00 0.0000000000000E+00 0.0000000000000E+00 0.0000000000000E+00
 0.0000000000000E+00 0.0000000000000E+00 0.0000000000000E+00 0.0000000000000E+00
 0.0000000000000E+00-4.1273000000000E-08 0.0000000000000E+00 0.0000000000000E+00
-3.3911842179392E-09 0.0000000000000E+00 0.0000000000000E+00 0.0000000000000E+00
-1.8265200000000E-07 0.0000000000000E+00 0.0000000000000E+00-1.9428433657915E-08
 0.0000000000000E+00 0.0000000000000E+00 0.0000000000000E+00 0.0000000000000E+00
 0.0000000000000E+00 0.0000000000000E+00 0.0000000000000E+00 0.0000000000000E+00
 0.0000000000000E+00 0.0000000000000E+00 0.0000000000000E+00 0.0000000000000E+00
 8.5033994916000E-02 6.0365905968500E-01 1.4120851309670E+00-2.2167376425200E-01
-9.3863769075600E-01 0.0000000000000E+00 0.0000000000000E+00 0.0000000000000E+00
 0.0000000000000E+00 0.0000000000000E+00 0.0000000000000E+00 0.0000000000000E+00
 0.0000000000000E+00 0.0000000000000E+00 0.0000000000000E+00 0.0000000000000E+00
 0.0000000000000E+00-1.2676380000000E-06 0.0000000000000E+00 0.0000000000000E+00
-1.9271490105334E-06 0.0000000000000E+00-6.9332275000000E-06 0.0000000000000E+00
 0.0000000000000E+00-5.2307665920705E-06 0.0000000000000E+00-5.9168525000000E-06
 0.0000000000000E+00 0.0000000000000E+00-1.1350758542467E-05 0.0000000000000E+00
 0.0000000000000E+00 0.0000000000000E+00 0.0000000000000E+00 0.0000000000000E+00
 0.0000000000000E+00 0.0000000000000E+00 0.0000000000000E+00 0.0000000000000E+00
 0.0000000000000E+00 0.0000000000000E+00 0.0000000000000E+00 0.0000000000000E+00
 0.0000000000000E+00 0.0000000000000E+00-3.6591820000000E-06 0.0000000000000E+00
 0.0000000000000E+00-2.0352549113565E-07 0.0000000000000E+00 0.0000000000000E+00
 0.0000000000000E+00-7.5732864175798E-11 0.0000000000000E+00 0.0000000000000E+00
 0.0000000000000E+00 0.0000000000000E+00 0.0000000000000E+00 0.0000000000000E+00
 0.0000000000000E+00 0.0000000000000E+00 0.0000000000000E+00 0.0000000000000E+00
 0.0000000000000E+00 0.0000000000000E+00 0.0000000000000E+00 0.0000000000000E+00
 0.0000000000000E+00 0.0000000000000E+00 0.0000000000000E+00 0.0000000000000E+00
 0.0000000000000E+00 0.0000000000000E+00 3.5452725182635E-01 0.0000000000000E+00
 0.0000000000000E+00 0.0000000000000E+00 0.0000000000000E+00 1.0712768289606E+00
 0.0000000000000E+00 0.0000000000000E+00 0.0000000000000E+00 0.0000000000000E+00
 6.1380871566825E-01 0.0000000000000E+00 0.0000000000000E+00 0.0000000000000E+00
 0.0000000000000E+00 0.0000000000000E+00 0.0000000000000E+00 0.0000000000000E+00
 0.0000000000000E+00 0.0000000000000E+00 0.0000000000000E+00 0.0000000000000E+00
 0.0000000000000E+00 0.0000000000000E+00 0.0000000000000E+00 0.0000000000000E+00
 0.0000000000000E+00 0.0000000000000E+00 0.0000000000000E+00 4.6374232676390E-07
 0.0000000000000E+00 0.0000000000000E+00 0.0000000000000E+00-5.6412499505749E-08
 0.0000000000000E+00 0.0000000000000E+00 0.0000000000000E+00 0.0000000000000E+00
 0.0000000000000E+00 0.0000000000000E+00 0.0000000000000E+00 0.0000000000000E+00
 0.0000000000000E+00 0.0000000000000E+00 0.0000000000000E+00 0.0000000000000E+00
 0.0000000000000E+00 0.0000000000000E+00 0.0000000000000E+00 0.0000000000000E+00
 0.0000000000000E+00 0.0000000000000E+00 0.0000000000000E+00 0.0000000000000E+00
 0.0000000000000E+00 0.0000000000000E+00 0.0000000000000E+00-3.5452443800242E-01
 0.0000000000000E+00 0.0000000000000E+00 0.0000000000000E+00 0.0000000000000E+00
-1.0712736336715E+00 0.0000000000000E+00 0.0000000000000E+00 0.0000000000000E+00
 0.0000000000000E+00-6.1381509194136E-01 0.0000000000000E+00 0.0000000000000E+00
 0.0000000000000E+00 0.0000000000000E+00 0.0000000000000E+00 0.0000000000000E+00
 0.0000000000000E+00 0.0000000000000E+00 0.0000000000000E+00 0.0000000000000E+00
 0.0000000000000E+00 0.0000000000000E+00 0.0000000000000E+00 0.0000000000000E+00
 0.0000000000000E+00 0.0000000000000E+00 0.0000000000000E+00 0.0000000000000E+00
 9.7905565574435E-08 0.0000000000000E+00 0.0000000000000E+00 0.0000000000000E+00
 4.1623565327295E-09 0.0000000000000E+00 0.0000000000000E+00 0.0000000000000E+00
 0.0000000000000E+00 0.0000000000000E+00 0.0000000000000E+00 0.0000000000000E+00
 0.0000000000000E+00 0.0000000000000E+00 0.0000000000000E+00 0.0000000000000E+00
 0.0000000000000E+00 0.0000000000000E+00 0.0000000000000E+00 0.0000000000000E+00
 0.0000000000000E+00 0.0000000000000E+00 0.0000000000000E+00 3.5452871153122E-01
 0.0000000000000E+00 0.0000000000000E+00 0.0000000000000E+00 0.0000000000000E+00
 1.0712821004104E+00 0.0000000000000E+00 0.0000000000000E+00 0.0000000000000E+00
 0.0000000000000E+00 6.1380088596201E-01 0.0000000000000E+00 0.0000000000000E+00
 0.0000000000000E+00 0.0000000000000E+00 0.0000000000000E+00 0.0000000000000E+00
 0.0000000000000E+00 0.0000000000000E+00 0.0000000000000E+00 0.0000000000000E+00
 0.0000000000000E+00 0.0000000000000E+00 0.0000000000000E+00 0.0000000000000E+00
 0.0000000000000E+00 0.0000000000000E+00 0.0000000000000E+00 0.0000000000000E+00
 4.3611192570818E-07 0.0000000000000E+00 0.0000000000000E+00 0.0000000000000E+00
 4.3825327895603E-08 0.0000000000000E+00 0.0000000000000E+00 0.0000000000000E+00
-6.8246730000000E-06-2.9027680000000E-06 1.6963389000000E-05-1.7610081000000E-05
 2.8394170000000E-06 0.0000000000000E+00 0.0000000000000E+00 0.0000000000000E+00
 0.0000000000000E+00 0.0000000000000E+00 0.0000000000000E+00 0.0000000000000E+00
 0.0000000000000E+00 0.0000000000000E+00 0.0000000000000E+00 0.0000000000000E+00
 0.0000000000000E+00-4.2591499076000E-02 0.0000000000000E+00 0.0000000000000E+00
 1.6117431325461E-01 0.0000000000000E+00-1.2870638971100E-01 0.0000000000000E+00
 0.0000000000000E+00 4.8705527706118E-01 0.0000000000000E+00-7.3741416100500E-02
 0.0000000000000E+00 0.0000000000000E+00 2.7905924100658E-01 0.0000000000000E+00
 0.0000000000000E+00 0.0000000000000E+00 0.0000000000000E+00 0.0000000000000E+00
 0.0000000000000E+00 0.0000000000000E+00 0.0000000000000E+00 0.0000000000000E+00
 0.0000000000000E+00 0.0000000000000E+00 0.0000000000000E+00 0.0000000000000E+00
 0.0000000000000E+00 0.0000000000000E+00-7.0259910000000E-06 0.0000000000000E+00
 0.0000000000000E+00 2.9024721364942E-07 0.0000000000000E+00 0.0000000000000E+00
 0.0000000000000E+00-4.3629384005946E-08 0.0000000000000E+00 1.1189625009000E-02
 3.6535960815100E-01 3.0460007763700E-01 5.7046422555800E-01 2.8395274072800E-01
 0.0000000000000E+00 0.0000000000000E+00 0.0000000000000E+00 0.0000000000000E+00
 0.0000000000000E+00 0.0000000000000E+00 0.0000000000000E+00 0.0000000000000E+00
 0.0000000000000E+00 0.0000000000000E+00 0.0000000000000E+00 0.0000000000000E+00
 1.7537500000000E-08 0.0000000000000E+00 0.0000000000000E+00 1.3812239164958E-07
 0.0000000000000E+00 2.6689000000000E-08 0.0000000000000E+00 0.0000000000000E+00
 6.1623423246928E-07 0.0000000000000E+00 2.0701900000000E-07 0.0000000000000E+00
 0.0000000000000E+00 1.2777503352262E-06 0.0000000000000E+00 0.0000000000000E+00
 0.0000000000000E+00 0.0000000000000E+00 0.0000000000000E+00 0.0000000000000E+00
 0.0000000000000E+00 0.0000000000000E+00 0.0000000000000E+00 0.0000000000000E+00
 0.0000000000000E+00 0.0000000000000E+00 0.0000000000000E+00 0.0000000000000E+00
 0.0000000000000E+00-2.5954000000000E-08 0.0000000000000E+00 0.0000000000000E+00
-3.4233455379529E-09 0.0000000000000E+00 0.0000000000000E+00 0.0000000000000E+00
 4.0688543003480E-10 0.0000000000000E+00 0.0000000000000E+00 0.0000000000000E+00
 0.0000000000000E+00 0.0000000000000E+00 0.0000000000000E+00 0.0000000000000E+00
 1.0318269316700E-01 0.0000000000000E+00 0.0000000000000E+00 8.3334850821700E-01
 0.0000000000000E+00 0.0000000000000E+00-1.8272025299340E+00 0.0000000000000E+00
 0.0000000000000E+00 1.3386729404960E+00 0.0000000000000E+00 0.0000000000000E+00
 0.0000000000000E+00 0.0000000000000E+00 0.0000000000000E+00 0.0000000000000E+00
 0.0000000000000E+00 0.0000000000000E+00 0.0000000000000E+00 0.0000000000000E+00
 0.0000000000000E+00 0.0000000000000E+00 0.0000000000000E+00 0.0000000000000E+00
 0.0000000000000E+00 0.0000000000000E+00 0.0000000000000E+00 0.0000000000000E+00
-7.1450391052114E-08 0.0000000000000E+00 0.0000000000000E+00 0.0000000000000E+00
-1.4983925646431E-08 0.0000000000000E+00 0.0000000000000E+00-1.6571288007877E-07
 0.0000000000000E+00 0.0000000000000E+00 0.0000000000000E+00-5.4872474414774E-08
 0.0000000000000E+00 0.0000000000000E+00 0.0000000000000E+00 0.0000000000000E+00
 0.0000000000000E+00 0.0000000000000E+00 0.0000000000000E+00 0.0000000000000E+00
 0.0000000000000E+00 0.0000000000000E+00 0.0000000000000E+00 0.0000000000000E+00
 0.0000000000000E+00 0.0000000000000E+00 0.0000000000000E+00 0.0000000000000E+00
-1.0318262236400E-01 0.0000000000000E+00 0.0000000000000E+00-8.3334939239100E-01
 0.0000000000000E+00 0.0000000000000E+00 1.8272033384140E+00 0.0000000000000E+00
 0.0000000000000E+00-1.3386723431020E+00 0.0000000000000E+00 0.0000000000000E+00
 0.0000000000000E+00 0.0000000000000E+00 0.0000000000000E+00 0.0000000000000E+00
 0.0000000000000E+00 0.0000000000000E+00 0.0000000000000E+00 0.0000000000000E+00
 0.0000000000000E+00 0.0000000000000E+00 0.0000000000000E+00 0.0000000000000E+00
 0.0000000000000E+00-3.4143300000000E-07 0.0000000000000E+00 0.0000000000000E+00
 2.5863782785973E-09 0.0000000000000E+00 0.0000000000000E+00 0.0000000000000E+00
 2.0194500000000E-07 0.0000000000000E+00 0.0000000000000E+00-6.1505041128892E-08
 0.0000000000000E+00 0.0000000000000E+00 0.0000000000000E+00 0.0000000000000E+00
 0.0000000000000E+00 0.0000000000000E+00 0.0000000000000E+00 0.0000000000000E+00
 0.0000000000000E+00 0.0000000000000E+00 0.0000000000000E+00 0.0000000000000E+00
 0.0000000000000E+00 0.0000000000000E+00 0.0000000000000E+00 0.0000000000000E+00
 0.0000000000000E+00-1.0318289246900E-01 0.0000000000000E+00 0.0000000000000E+00
-8.3335004790900E-01 0.0000000000000E+00 0.0000000000000E+00 1.8272036354290E+00
 0.0000000000000E+00 0.0000000000000E+00-1.3386719154480E+00 0.0000000000000E+00
 0.0000000000000E+00 0.0000000000000E+00 0.0000000000000E+00 0.0000000000000E+00
 0.0000000000000E+00 0.0000000000000E+00 0.0000000000000E+00 0.0000000000000E+00
 0.0000000000000E+00 0.0000000000000E+00 0.0000000000000E+00 0.0000000000000E+00
 0.0000000000000E+00 0.0000000000000E+00 0.0000000000000E+00 0.0000000000000E+00
 0.0000000000000E+00 6.9823113366325E-08 0.0000000000000E+00 0.0000000000000E+00
 0.0000000000000E+00-1.1482388297954E-08 0.0000000000000E+00 0.0000000000000E+00
-9.8767100663632E-08 0.0000000000000E+00 0.0000000000000E+00 0.0000000000000E+00
-5.3312259321874E-08 0.0000000000000E+00 0.0000000000000E+00 0.0000000000000E+00
 0.0000000000000E+00 0.0000000000000E+00 0.0000000000000E+00 0.0000000000000E+00
 0.0000000000000E+00 0.0000000000000E+00 0.0000000000000E+00-5.1639670974400E-01
-1.0109160337440E+00-2.5568329561690E+00 3.8578581132620E+00-2.1016493340530E+00
 0.0000000000000E+00 0.0000000000000E+00 0.0000000000000E+00 0.0000000000000E+00
 0.0000000000000E+00 0.0000000000000E+00 0.0000000000000E+00 0.0000000000000E+00
 0.0000000000000E+00 0.0000000000000E+00 0.0000000000000E+00 0.0000000000000E+00
 1.1896745000000E-06 0.0000000000000E+00 0.0000000000000E+00 3.8190992845555E-06
 0.0000000000000E+00-3.1739629000000E-05 0.0000000000000E+00 0.0000000000000E+00
-9.3579450609479E-05 0.0000000000000E+00 4.1485283000000E-05 0.0000000000000E+00
 0.0000000000000E+00 1.2139222018269E-04 0.0000000000000E+00 0.0000000000000E+00
 0.0000000000000E+00 0.0000000000000E+00 0.0000000000000E+00 0.0000000000000E+00
 0.0000000000000E+00 0.0000000000000E+00 0.0000000000000E+00 0.0000000000000E+00
 0.0000000000000E+00 0.0000000000000E+00 0.0000000000000E+00 0.0000000000000E+00
 0.0000000000000E+00 7.6922600000000E-07 0.0000000000000E+00 0.0000000000000E+00
 4.2768377778447E-08 0.0000000000000E+00 0.0000000000000E+00 0.0000000000000E+00
 1.4585953846190E-11 0.0000000000000E+00-5.9591939000000E-05-1.1763506000000E-04
-2.9349795800000E-04 4.3237103300000E-04-2.2917499800000E-04 0.0000000000000E+00
 0.0000000000000E+00 0.0000000000000E+00 0.0000000000000E+00 0.0000000000000E+00
 0.0000000000000E+00 0.0000000000000E+00 0.0000000000000E+00 0.0000000000000E+00
 0.0000000000000E+00 0.0000000000000E+00 0.0000000000000E+00-1.7884787728000E-02
 0.0000000000000E+00 0.0000000000000E+00-1.7137233144253E-02 0.0000000000000E+00
 4.4574284794700E-01 0.0000000000000E+00 0.0000000000000E+00 4.2711507238859E-01
 0.0000000000000E+00-5.4264704009300E-01 0.0000000000000E+00 0.0000000000000E+00
-5.1996526865722E-01 0.0000000000000E+00 0.0000000000000E+00 0.0000000000000E+00
 0.0000000000000E+00 0.0000000000000E+00 0.0000000000000E+00 0.0000000000000E+00
 0.0000000000000E+00 0.0000000000000E+00 0.0000000000000E+00 0.0000000000000E+00
 0.0000000000000E+00 0.0000000000000E+00 0.0000000000000E+00 0.0000000000000E+00
-2.7086840000000E-06 0.0000000000000E+00 0.0000000000000E+00-4.0558620867483E-08
 0.0000000000000E+00 0.0000000000000E+00 0.0000000000000E+00-1.1625596823391E-08
 0.0000000000000E+00 0.0000000000000E+00 0.0000000000000E+00 0.0000000000000E+00
 0.0000000000000E+00 0.0000000000000E+00 0.0000000000000E+00 0.0000000000000E+00
 0.0000000000000E+00 0.0000000000000E+00 0.0000000000000E+00 0.0000000000000E+00
 0.0000000000000E+00 0.0000000000000E+00 0.0000000000000E+00 0.0000000000000E+00
 0.0000000000000E+00 0.0000000000000E+00 0.0000000000000E+00-7.0809102268856E-02
 0.0000000000000E+00 0.0000000000000E+00 0.0000000000000E+00 0.0000000000000E+00
 1.7646739714507E+00 0.0000000000000E+00 0.0000000000000E+00 0.0000000000000E+00
 0.0000000000000E+00-2.1482556699279E+00 0.0000000000000E+00 0.0000000000000E+00
 0.0000000000000E+00 0.0000000000000E+00 0.0000000000000E+00 0.0000000000000E+00
 0.0000000000000E+00 0.0000000000000E+00 0.0000000000000E+00 0.0000000000000E+00
 0.0000000000000E+00 0.0000000000000E+00 0.0000000000000E+00 0.0000000000000E+00
 0.0000000000000E+00 0.0000000000000E+00 0.0000000000000E+00 0.0000000000000E+00
 1.0303965527893E-07 0.0000000000000E+00 0.0000000000000E+00 0.0000000000000E+00
 1.0082848945961E-08 0.0000000000000E+00 0.0000000000000E+00 0.0000000000000E+00
 3.5110779000000E-05 6.9321228000000E-05 1.7286235600000E-04-2.5422053200000E-04
 1.3429698500000E-04 0.0000000000000E+00 0.0000000000000E+00 0.0000000000000E+00
 0.0000000000000E+00 0.0000000000000E+00 0.0000000000000E+00 0.0000000000000E+00
 0.0000000000000E+00 0.0000000000000E+00 0.0000000000000E+00 0.0000000000000E+00
 0.0000000000000E+00-9.8951393095000E-03 0.0000000000000E+00 0.0000000000000E+00
 3.0981313497275E-02 0.0000000000000E+00 2.4660041826600E-01 0.0000000000000E+00
 0.0000000000000E+00-7.7206713820479E-01 0.0000000000000E+00-3.0020061668450E-01
 0.0000000000000E+00 0.0000000000000E+00 9.3988784275473E-01 0.0000000000000E+00
 0.0000000000000E+00 0.0000000000000E+00 0.0000000000000E+00 0.0000000000000E+00
 0.0000000000000E+00 0.0000000000000E+00 0.0000000000000E+00 0.0000000000000E+00
 0.0000000000000E+00 0.0000000000000E+00 0.0000000000000E+00 0.0000000000000E+00
 0.0000000000000E+00 0.0000000000000E+00 1.4412430000000E-06 0.0000000000000E+00
 0.0000000000000E+00-7.1309027694060E-08 0.0000000000000E+00 0.0000000000000E+00
 0.0000000000000E+00 9.4028059186948E-09 0.0000000000000E+00 0.0000000000000E+00
 0.0000000000000E+00 0.0000000000000E+00 0.0000000000000E+00 0.0000000000000E+00
 0.0000000000000E+00 0.0000000000000E+00 0.0000000000000E+00 0.0000000000000E+00
 0.0000000000000E+00 0.0000000000000E+00 0.0000000000000E+00 0.0000000000000E+00
 0.0000000000000E+00 0.0000000000000E+00 0.0000000000000E+00 0.0000000000000E+00
 0.0000000000000E+00 0.0000000000000E+00 7.0809339897567E-02 0.0000000000000E+00
 0.0000000000000E+00 0.0000000000000E+00 0.0000000000000E+00-1.7646795153678E+00
 0.0000000000000E+00 0.0000000000000E+00 0.0000000000000E+00 0.0000000000000E+00
 2.1482537201895E+00 0.0000000000000E+00 0.0000000000000E+00 0.0000000000000E+00
 0.0000000000000E+00 0.0000000000000E+00 0.0000000000000E+00 0.0000000000000E+00
 0.0000000000000E+00 0.0000000000000E+00 0.0000000000000E+00 0.0000000000000E+00
 0.0000000000000E+00 0.0000000000000E+00 0.0000000000000E+00 0.0000000000000E+00
 0.0000000000000E+00 0.0000000000000E+00 0.0000000000000E+00-1.0756613952169E-07
 0.0000000000000E+00 0.0000000000000E+00 0.0000000000000E+00 1.3326878675986E-08
 0.0000000000000E+00 0.0000000000000E+00 0.0000000000000E+00 0.0000000000000E+00
 0.0000000000000E+00 0.0000000000000E+00 0.0000000000000E+00 0.0000000000000E+00
 0.0000000000000E+00 0.0000000000000E+00 0.0000000000000E+00 0.0000000000000E+00
 0.0000000000000E+00 0.0000000000000E+00 0.0000000000000E+00 0.0000000000000E+00
 0.0000000000000E+00 0.0000000000000E+00 0.0000000000000E+00 0.0000000000000E+00
 0.0000000000000E+00 0.0000000000000E+00 0.0000000000000E+00 7.0809780285341E-02
 0.0000000000000E+00 0.0000000000000E+00 0.0000000000000E+00 0.0000000000000E+00
-1.7646845217394E+00 0.0000000000000E+00 0.0000000000000E+00 0.0000000000000E+00
 0.0000000000000E+00 2.1482520931286E+00 0.0000000000000E+00 0.0000000000000E+00
 0.0000000000000E+00 0.0000000000000E+00 0.0000000000000E+00 0.0000000000000E+00
 0.0000000000000E+00 0.0000000000000E+00 0.0000000000000E+00 0.0000000000000E+00
 0.0000000000000E+00 0.0000000000000E+00 0.0000000000000E+00 0.0000000000000E+00
 0.0000000000000E+00 0.0000000000000E+00 0.0000000000000E+00 0.0000000000000E+00
 2.2843819529336E-08 0.0000000000000E+00 0.0000000000000E+00 0.0000000000000E+00
 1.0497379279898E-09 0.0000000000000E+00 0.0000000000000E+00 0.0000000000000E+00
 0.0000000000000E+00 0.0000000000000E+00 0.0000000000000E+00 5.1178600000000E-07
 0.0000000000000E+00 0.0000000000000E+00 2.5968050000000E-06 0.0000000000000E+00
 0.0000000000000E+00-2.8907320000000E-06 0.0000000000000E+00 0.0000000000000E+00
 1.3598100000000E-07 0.0000000000000E+00 0.0000000000000E+00 0.0000000000000E+00
 0.0000000000000E+00 0.0000000000000E+00 0.0000000000000E+00 0.0000000000000E+00
 0.0000000000000E+00 0.0000000000000E+00 0.0000000000000E+00 0.0000000000000E+00
 0.0000000000000E+00 0.0000000000000E+00 0.0000000000000E+00 0.0000000000000E+00
 0.0000000000000E+00 0.0000000000000E+00 0.0000000000000E+00-3.5093579550298E-02
 0.0000000000000E+00 0.0000000000000E+00 0.0000000000000E+00-2.4598752636897E-03
 0.0000000000000E+00 0.0000000000000E+00 3.7549964862107E-01 0.0000000000000E+00
 0.0000000000000E+00 0.0000000000000E+00 2.6320549299341E-02 0.0000000000000E+00
 0.0000000000000E+00 0.0000000000000E+00 0.0000000000000E+00 0.0000000000000E+00
 0.0000000000000E+00 0.0000000000000E+00 0.0000000000000E+00 0.0000000000000E+00
 0.0000000000000E+00 0.0000000000000E+00 0.0000000000000E+00 0.0000000000000E+00
 0.0000000000000E+00 0.0000000000000E+00 0.0000000000000E+00 9.1199000000000E-08
 0.0000000000000E+00 0.0000000000000E+00 6.4192600000000E-07 0.0000000000000E+00
 0.0000000000000E+00-9.7143500000000E-07 0.0000000000000E+00 0.0000000000000E+00
 2.8753000000000E-08 0.0000000000000E+00 0.0000000000000E+00 0.0000000000000E+00
 0.0000000000000E+00 0.0000000000000E+00 0.0000000000000E+00 0.0000000000000E+00
 0.0000000000000E+00 0.0000000000000E+00 0.0000000000000E+00 0.0000000000000E+00
 0.0000000000000E+00 0.0000000000000E+00 0.0000000000000E+00 0.0000000000000E+00
 6.6282209317000E-02 0.0000000000000E+00 0.0000000000000E+00 9.2865311824075E-03
 0.0000000000000E+00 0.0000000000000E+00 0.0000000000000E+00-7.0921650791700E-01
 0.0000000000000E+00 0.0000000000000E+00-9.9365447952507E-02 0.0000000000000E+00
 0.0000000000000E+00 0.0000000000000E+00 0.0000000000000E+00 0.0000000000000E+00
 0.0000000000000E+00 0.0000000000000E+00 0.0000000000000E+00 0.0000000000000E+00
 0.0000000000000E+00 0.0000000000000E+00 0.0000000000000E+00 0.0000000000000E+00
 0.0000000000000E+00 0.0000000000000E+00 0.0000000000000E+00 0.0000000000000E+00
 5.3227300000000E-07 0.0000000000000E+00 0.0000000000000E+00 2.7020480000000E-06
 0.0000000000000E+00 0.0000000000000E+00-3.1354380000000E-06 0.0000000000000E+00
 0.0000000000000E+00 2.2285500000000E-07 0.0000000000000E+00 0.0000000000000E+00
 0.0000000000000E+00 0.0000000000000E+00 0.0000000000000E+00 0.0000000000000E+00
 0.0000000000000E+00 0.0000000000000E+00 0.0000000000000E+00 0.0000000000000E+00
 0.0000000000000E+00 0.0000000000000E+00 0.0000000000000E+00 0.0000000000000E+00
 0.0000000000000E+00 0.0000000000000E+00 0.0000000000000E+00 0.0000000000000E+00
 1.5356990333529E-02 0.0000000000000E+00 0.0000000000000E+00 0.0000000000000E+00
 4.7588187879214E-03 0.0000000000000E+00 0.0000000000000E+00-1.6431906802993E-01
 0.0000000000000E+00 0.0000000000000E+00 0.0000000000000E+00-5.0919136715294E-02
 0.0000000000000E+00 0.0000000000000E+00 0.0000000000000E+00 0.0000000000000E+00
 0.0000000000000E+00 0.0000000000000E+00 0.0000000000000E+00 0.0000000000000E+00
 0.0000000000000E+00 0.0000000000000E+00 0.0000000000000E+00 0.0000000000000E+00
 0.0000000000000E+00 0.0000000000000E+00 0.0000000000000E+00 0.0000000000000E+00
 0.0000000000000E+00 0.0000000000000E+00 0.0000000000000E+00 0.0000000000000E+00
 0.0000000000000E+00 0.0000000000000E+00 0.0000000000000E+00 0.0000000000000E+00
 0.0000000000000E+00 0.0000000000000E+00 0.0000000000000E+00 0.0000000000000E+00
 0.0000000000000E+00 0.0000000000000E+00 0.0000000000000E+00 0.0000000000000E+00
 0.0000000000000E+00 0.0000000000000E+00 0.0000000000000E+00 0.0000000000000E+00
 0.0000000000000E+00 0.0000000000000E+00 0.0000000000000E+00 0.0000000000000E+00
 0.0000000000000E+00 0.0000000000000E+00 0.0000000000000E+00 0.0000000000000E+00
 0.0000000000000E+00 0.0000000000000E+00 1.2627820355435E-02 0.0000000000000E+00
 0.0000000000000E+00 0.0000000000000E+00 0.0000000000000E+00 0.0000000000000E+00
 0.0000000000000E+00-1.3511708436584E-01 0.0000000000000E+00 0.0000000000000E+00
 0.0000000000000E+00 0.0000000000000E+00 0.0000000000000E+00 0.0000000000000E+00
 0.0000000000000E+00 0.0000000000000E+00 0.0000000000000E+00 0.0000000000000E+00
 0.0000000000000E+00 0.0000000000000E+00 0.0000000000000E+00 0.0000000000000E+00
 0.0000000000000E+00 0.0000000000000E+00 0.0000000000000E+00 4.3808900000000E-07
 0.0000000000000E+00 0.0000000000000E+00 2.1402830000000E-06 0.0000000000000E+00
 0.0000000000000E+00-2.3220070000000E-06 0.0000000000000E+00 0.0000000000000E+00
 1.1186700000000E-07 0.0000000000000E+00 0.0000000000000E+00 0.0000000000000E+00
 0.0000000000000E+00 0.0000000000000E+00 0.0000000000000E+00 0.0000000000000E+00
 0.0000000000000E+00 0.0000000000000E+00 0.0000000000000E+00 0.0000000000000E+00
 0.0000000000000E+00 0.0000000000000E+00 0.0000000000000E+00 0.0000000000000E+00
 0.0000000000000E+00 0.0000000000000E+00 0.0000000000000E+00 1.9054111435457E-02
 0.0000000000000E+00 0.0000000000000E+00 0.0000000000000E+00-4.5305616140626E-03
 0.0000000000000E+00 0.0000000000000E+00-2.0387809801341E-01 0.0000000000000E+00
 0.0000000000000E+00 0.0000000000000E+00 4.8476796176348E-02 0.0000000000000E+00
 0.0000000000000E+00 0.0000000000000E+00 0.0000000000000E+00 0.0000000000000E+00
 0.0000000000000E+00 0.0000000000000E+00 0.0000000000000E+00 0.0000000000000E+00
 0.0000000000000E+00 0.0000000000000E+00 0.0000000000000E+00 0.0000000000000E+00
 0.0000000000000E+00 0.0000000000000E+00 0.0000000000000E+00-1.7849400000000E-07
 0.0000000000000E+00 0.0000000000000E+00-8.8081200000000E-07 0.0000000000000E+00
 0.0000000000000E+00 9.8825600000000E-07 0.0000000000000E+00 0.0000000000000E+00
-1.0117500000000E-07 0.0000000000000E+00 0.0000000000000E+00 0.0000000000000E+00
 0.0000000000000E+00 0.0000000000000E+00 0.0000000000000E+00 0.0000000000000E+00
 0.0000000000000E+00 0.0000000000000E+00 0.0000000000000E+00 0.0000000000000E+00
 0.0000000000000E+00 0.0000000000000E+00 0.0000000000000E+00 0.0000000000000E+00
 7.1933163182000E-02 0.0000000000000E+00 0.0000000000000E+00-8.5569961206916E-03
 0.0000000000000E+00 0.0000000000000E+00 0.0000000000000E+00-7.6968145107800E-01
 0.0000000000000E+00 0.0000000000000E+00 9.1559457331968E-02 0.0000000000000E+00
 0.0000000000000E+00 0.0000000000000E+00 0.0000000000000E+00 0.0000000000000E+00
 0.0000000000000E+00 0.0000000000000E+00 0.0000000000000E+00 0.0000000000000E+00
 0.0000000000000E+00 0.0000000000000E+00 0.0000000000000E+00 0.0000000000000E+00
 0.0000000000000E+00 0.0000000000000E+00 0.0000000000000E+00 0.0000000000000E+00
 1.2685900000000E-07 0.0000000000000E+00 0.0000000000000E+00 6.4713700000000E-07
 0.0000000000000E+00 0.0000000000000E+00-7.5943700000000E-07 0.0000000000000E+00
 0.0000000000000E+00 8.1744000000000E-08 0.0000000000000E+00 0.0000000000000E+00
 0.0000000000000E+00 0.0000000000000E+00 0.0000000000000E+00 0.0000000000000E+00
 0.0000000000000E+00 0.0000000000000E+00 0.0000000000000E+00 0.0000000000000E+00
 0.0000000000000E+00 0.0000000000000E+00 0.0000000000000E+00 0.0000000000000E+00
 0.0000000000000E+00 0.0000000000000E+00 0.0000000000000E+00 0.0000000000000E+00
-3.6861651677875E-02 0.0000000000000E+00 0.0000000000000E+00 0.0000000000000E+00
 1.9825788074535E-03 0.0000000000000E+00 0.0000000000000E+00 3.9441793693909E-01
 0.0000000000000E+00 0.0000000000000E+00 0.0000000000000E+00-2.1213500412156E-02
 0.0000000000000E+00 0.0000000000000E+00 0.0000000000000E+00 0.0000000000000E+00
 0.0000000000000E+00 0.0000000000000E+00 0.0000000000000E+00 0.0000000000000E+00
 0.0000000000000E+00 0.0000000000000E+00-1.6683840000000E-06-4.4215960000000E-06
-8.5693320000000E-06 4.5376640000000E-06 2.1053270000000E-06 0.0000000000000E+00
 0.0000000000000E+00 0.0000000000000E+00 0.0000000000000E+00 0.0000000000000E+00
 0.0000000000000E+00 0.0000000000000E+00 0.0000000000000E+00 0.0000000000000E+00
 0.0000000000000E+00 0.0000000000000E+00 0.0000000000000E+00 1.5452475000000E-06
 0.0000000000000E+00 0.0000000000000E+00 2.4835660023379E-06 0.0000000000000E+00
-5.7160770000000E-06 0.0000000000000E+00 0.0000000000000E+00-9.1925730067632E-06
 0.0000000000000E+00 3.4345650000000E-07 0.0000000000000E+00 0.0000000000000E+00
 5.5211197952227E-07 0.0000000000000E+00 0.0000000000000E+00 0.0000000000000E+00
 0.0000000000000E+00 0.0000000000000E+00 0.0000000000000E+00 0.0000000000000E+00
 0.0000000000000E+00 0.0000000000000E+00 0.0000000000000E+00 0.0000000000000E+00
 0.0000000000000E+00 0.0000000000000E+00 0.0000000000000E+00 0.0000000000000E+00
-6.5634199197100E-01 0.0000000000000E+00 0.0000000000000E+00-5.2202961639544E-02
 0.0000000000000E+00 0.0000000000000E+00 0.0000000000000E+00-1.9756495401055E-03
 0.0000000000000E+00 0.0000000000000E+00 0.0000000000000E+00 0.0000000000000E+00
 0.0000000000000E+00 0.0000000000000E+00 0.0000000000000E+00 0.0000000000000E+00
 0.0000000000000E+00 0.0000000000000E+00 0.0000000000000E+00 0.0000000000000E+00
 0.0000000000000E+00 0.0000000000000E+00 0.0000000000000E+00 0.0000000000000E+00
 0.0000000000000E+00 0.0000000000000E+00 0.0000000000000E+00 0.0000000000000E+00
 1.5588457268120E-09 0.0000000000000E+00 0.0000000000000E+00 0.0000000000000E+00
 0.0000000000000E+00-1.4020085261866E-07 0.0000000000000E+00 0.0000000000000E+00
 0.0000000000000E+00 0.0000000000000E+00 1.0794140632769E-08 0.0000000000000E+00
 0.0000000000000E+00 0.0000000000000E+00 0.0000000000000E+00 0.0000000000000E+00
 0.0000000000000E+00 0.0000000000000E+00 0.0000000000000E+00 0.0000000000000E+00
 0.0000000000000E+00 0.0000000000000E+00 0.0000000000000E+00 0.0000000000000E+00
 0.0000000000000E+00 0.0000000000000E+00 0.0000000000000E+00 0.0000000000000E+00
 0.0000000000000E+00-2.7743316790192E-01 0.0000000000000E+00 0.0000000000000E+00
 0.0000000000000E+00-9.5599273898033E-03 0.0000000000000E+00 0.0000000000000E+00
 0.0000000000000E+00 0.0000000000000E+00 0.0000000000000E+00 0.0000000000000E+00
 0.0000000000000E+00 0.0000000000000E+00 0.0000000000000E+00 0.0000000000000E+00
 0.0000000000000E+00 0.0000000000000E+00 0.0000000000000E+00 0.0000000000000E+00
 0.0000000000000E+00 0.0000000000000E+00 0.0000000000000E+00 0.0000000000000E+00
 0.0000000000000E+00 0.0000000000000E+00 0.0000000000000E+00 0.0000000000000E+00
 0.0000000000000E+00 7.8758255476045E-07 0.0000000000000E+00 0.0000000000000E+00
 0.0000000000000E+00 0.0000000000000E+00-3.0827455965305E-06 0.0000000000000E+00
 0.0000000000000E+00 0.0000000000000E+00 0.0000000000000E+00 1.8808166514310E-07
 0.0000000000000E+00 0.0000000000000E+00 0.0000000000000E+00 0.0000000000000E+00
 0.0000000000000E+00 0.0000000000000E+00 0.0000000000000E+00 0.0000000000000E+00
 0.0000000000000E+00 0.0000000000000E+00 0.0000000000000E+00 0.0000000000000E+00
 0.0000000000000E+00 0.0000000000000E+00 0.0000000000000E+00 0.0000000000000E+00
 0.0000000000000E+00 0.0000000000000E+00-5.1284568305651E-02 0.0000000000000E+00
 0.0000000000000E+00 0.0000000000000E+00-5.1107804558841E-03 0.0000000000000E+00
 0.0000000000000E+00 0.0000000000000E+00 0.0000000000000E+00 0.0000000000000E+00
 0.0000000000000E+00 0.0000000000000E+00 0.0000000000000E+00 0.0000000000000E+00
 0.0000000000000E+00 0.0000000000000E+00 0.0000000000000E+00 0.0000000000000E+00
 0.0000000000000E+00 0.0000000000000E+00 0.0000000000000E+00 0.0000000000000E+00
 0.0000000000000E+00 1.6893921282293E-06 0.0000000000000E+00 0.0000000000000E+00
 0.0000000000000E+00 0.0000000000000E+00-6.1058532196547E-06 0.0000000000000E+00
 0.0000000000000E+00 0.0000000000000E+00 0.0000000000000E+00 3.6418619895185E-07
 0.0000000000000E+00 0.0000000000000E+00 0.0000000000000E+00 0.0000000000000E+00
 0.0000000000000E+00 0.0000000000000E+00 0.0000000000000E+00 0.0000000000000E+00
 0.0000000000000E+00 0.0000000000000E+00 0.0000000000000E+00 0.0000000000000E+00
 0.0000000000000E+00 0.0000000000000E+00 0.0000000000000E+00 0.0000000000000E+00
 0.0000000000000E+00 0.0000000000000E+00 1.5769377729451E-01 0.0000000000000E+00
 0.0000000000000E+00 0.0000000000000E+00 1.7266891040294E-02 0.0000000000000E+00
 0.0000000000000E+00 0.0000000000000E+00-5.5146200000000E-07-1.4797170000000E-06
-2.8466220000000E-06 1.4699100000000E-06 6.7930400000000E-07 0.0000000000000E+00
 0.0000000000000E+00 0.0000000000000E+00 0.0000000000000E+00 0.0000000000000E+00
 0.0000000000000E+00 0.0000000000000E+00 0.0000000000000E+00 0.0000000000000E+00
 0.0000000000000E+00 0.0000000000000E+00 0.0000000000000E+00-6.3695500000000E-08
 0.0000000000000E+00 0.0000000000000E+00-1.0632990625633E-06 0.0000000000000E+00
 2.3267900000000E-07 0.0000000000000E+00 0.0000000000000E+00 4.0157121659512E-06
 0.0000000000000E+00-1.4329000000000E-08 0.0000000000000E+00 0.0000000000000E+00
-2.4332542565051E-07 0.0000000000000E+00 0.0000000000000E+00 0.0000000000000E+00
 0.0000000000000E+00 0.0000000000000E+00 0.0000000000000E+00 0.0000000000000E+00
 0.0000000000000E+00 0.0000000000000E+00 0.0000000000000E+00 0.0000000000000E+00
 0.0000000000000E+00 0.0000000000000E+00 0.0000000000000E+00 0.0000000000000E+00
-3.8904981505600E-01 0.0000000000000E+00 0.0000000000000E+00-3.2585646366681E-04
 0.0000000000000E+00 0.0000000000000E+00 0.0000000000000E+00 6.4880121771937E-03
 0.0000000000000E+00 0.0000000000000E+00 0.0000000000000E+00 0.0000000000000E+00
 0.0000000000000E+00 0.0000000000000E+00 0.0000000000000E+00 0.0000000000000E+00
 0.0000000000000E+00 0.0000000000000E+00 0.0000000000000E+00 0.0000000000000E+00
 0.0000000000000E+00 0.0000000000000E+00 0.0000000000000E+00 0.0000000000000E+00
 0.0000000000000E+00 0.0000000000000E+00 0.0000000000000E+00 0.0000000000000E+00
-1.9952965495572E-06 0.0000000000000E+00 0.0000000000000E+00 0.0000000000000E+00
 0.0000000000000E+00 7.4509638768127E-06 0.0000000000000E+00 0.0000000000000E+00
 0.0000000000000E+00 0.0000000000000E+00-4.5090651878521E-07 0.0000000000000E+00
 0.0000000000000E+00 0.0000000000000E+00 0.0000000000000E+00 0.0000000000000E+00
 0.0000000000000E+00 0.0000000000000E+00 0.0000000000000E+00 0.0000000000000E+00
 0.0000000000000E+00 0.0000000000000E+00 0.0000000000000E+00 0.0000000000000E+00
 0.0000000000000E+00 0.0000000000000E+00 0.0000000000000E+00 0.0000000000000E+00
 0.0000000000000E+00-1.5175914255058E-01 0.0000000000000E+00 0.0000000000000E+00
 0.0000000000000E+00 1.7476646850102E-02 0.0000000000000E+00 0.0000000000000E+00
 0.0000000000000E+00 0.0000000000000E+00 0.0000000000000E+00 0.0000000000000E+00
 0.0000000000000E+00 0.0000000000000E+00 0.0000000000000E+00 0.0000000000000E+00
 0.0000000000000E+00 0.0000000000000E+00 0.0000000000000E+00 0.0000000000000E+00
 0.0000000000000E+00 0.0000000000000E+00 0.0000000000000E+00 0.0000000000000E+00
 0.0000000000000E+00 0.0000000000000E+00 0.0000000000000E+00 0.0000000000000E+00
 0.0000000000000E+00 3.9940052392054E-07 0.0000000000000E+00 0.0000000000000E+00
 0.0000000000000E+00 0.0000000000000E+00-1.3130036313381E-06 0.0000000000000E+00
 0.0000000000000E+00 0.0000000000000E+00 0.0000000000000E+00 7.3520360628876E-08
 0.0000000000000E+00 0.0000000000000E+00 0.0000000000000E+00 0.0000000000000E+00
 0.0000000000000E+00 0.0000000000000E+00 0.0000000000000E+00 0.0000000000000E+00
 0.0000000000000E+00 0.0000000000000E+00 0.0000000000000E+00 0.0000000000000E+00
 0.0000000000000E+00 0.0000000000000E+00 0.0000000000000E+00 0.0000000000000E+00
 0.0000000000000E+00 0.0000000000000E+00-5.4087416366875E-02 0.0000000000000E+00
 0.0000000000000E+00 0.0000000000000E+00 4.8459362082948E-03-1.6186200000000E-07
-4.1673400000000E-07-8.2172400000000E-07 4.6025200000000E-07 2.1474500000000E-07
 0.0000000000000E+00 0.0000000000000E+00 0.0000000000000E+00 0.0000000000000E+00
 0.0000000000000E+00 0.0000000000000E+00 0.0000000000000E+00 0.0000000000000E+00
 0.0000000000000E+00 0.0000000000000E+00 0.0000000000000E+00 0.0000000000000E+00
 5.0824950000000E-07 0.0000000000000E+00 0.0000000000000E+00 3.5277501521889E-06
 0.0000000000000E+00-1.8369405000000E-06 0.0000000000000E+00 0.0000000000000E+00
-1.3029065545528E-05 0.0000000000000E+00 1.0913000000000E-07 0.0000000000000E+00
 0.0000000000000E+00 7.8267392277180E-07 0.0000000000000E+00 0.0000000000000E+00
 0.0000000000000E+00 0.0000000000000E+00 0.0000000000000E+00 0.0000000000000E+00
 0.0000000000000E+00 0.0000000000000E+00 0.0000000000000E+00 0.0000000000000E+00
 0.0000000000000E+00 0.0000000000000E+00 0.0000000000000E+00 0.0000000000000E+00
 0.0000000000000E+00-6.4641738122800E-01 0.0000000000000E+00 0.0000000000000E+00
 5.3200565494963E-02 0.0000000000000E+00 0.0000000000000E+00 0.0000000000000E+00
-1.8988632076810E-03 0.0000000000000E+00 0.0000000000000E+00 0.0000000000000E+00
 0.0000000000000E+00 0.0000000000000E+00 0.0000000000000E+00 0.0000000000000E+00
 0.0000000000000E+00 0.0000000000000E+00 0.0000000000000E+00 0.0000000000000E+00
 0.0000000000000E+00 0.0000000000000E+00 0.0000000000000E+00 0.0000000000000E+00
 0.0000000000000E+00 0.0000000000000E+00 0.0000000000000E+00 0.0000000000000E+00
 1.6158301983810E-08 0.0000000000000E+00 0.0000000000000E+00 0.0000000000000E+00
 0.0000000000000E+00-2.0146002558076E-07 0.0000000000000E+00 0.0000000000000E+00
 0.0000000000000E+00 0.0000000000000E+00 1.6838997951185E-08 0.0000000000000E+00
 0.0000000000000E+00 0.0000000000000E+00 0.0000000000000E+00 0.0000000000000E+00
 0.0000000000000E+00 0.0000000000000E+00 0.0000000000000E+00 0.0000000000000E+00
 0.0000000000000E+00 0.0000000000000E+00 0.0000000000000E+00 0.0000000000000E+00
 0.0000000000000E+00 0.0000000000000E+00 0.0000000000000E+00 0.0000000000000E+00
 0.0000000000000E+00 2.7410339764847E-01 0.0000000000000E+00 0.0000000000000E+00
 0.0000000000000E+00-9.9337742386989E-03 0.0000000000000E+00 0.0000000000000E+00
 0.0000000000000E+00 0.0000000000000E+00 0.0000000000000E+00 0.0000000000000E+00
 0.0000000000000E+00 0.0000000000000E+00 0.0000000000000E+00 1.3799242346230E+00
 0.0000000000000E+00 0.0000000000000E+00-1.8202664178350E+00 0.0000000000000E+00
 0.0000000000000E+00 1.0733981842460E+00 0.0000000000000E+00 0.0000000000000E+00
-2.8538401763500E-01 0.0000000000000E+00 0.0000000000000E+00 0.0000000000000E+00
 0.0000000000000E+00 0.0000000000000E+00 0.0000000000000E+00 0.0000000000000E+00
 0.0000000000000E+00 0.0000000000000E+00 0.0000000000000E+00 0.0000000000000E+00
 0.0000000000000E+00 0.0000000000000E+00 0.0000000000000E+00 0.0000000000000E+00
 0.0000000000000E+00 0.0000000000000E+00 0.0000000000000E+00-2.8036002274486E-07
 0.0000000000000E+00 0.0000000000000E+00 0.0000000000000E+00-6.3045908073756E-08
 0.0000000000000E+00 0.0000000000000E+00 1.7304746886524E-07 0.0000000000000E+00
 0.0000000000000E+00 0.0000000000000E+00 4.3110909704054E-08 0.0000000000000E+00
 0.0000000000000E+00 0.0000000000000E+00 0.0000000000000E+00 0.0000000000000E+00
 0.0000000000000E+00 0.0000000000000E+00 0.0000000000000E+00 0.0000000000000E+00
 0.0000000000000E+00 0.0000000000000E+00 0.0000000000000E+00 0.0000000000000E+00
 0.0000000000000E+00-1.3799246376950E+00 0.0000000000000E+00 0.0000000000000E+00
 1.8202655189260E+00 0.0000000000000E+00 0.0000000000000E+00-1.0733972251770E+00
 0.0000000000000E+00 0.0000000000000E+00 2.8538429995300E-01 0.0000000000000E+00
 0.0000000000000E+00 0.0000000000000E+00 0.0000000000000E+00 0.0000000000000E+00
 0.0000000000000E+00 0.0000000000000E+00 0.0000000000000E+00 0.0000000000000E+00
 0.0000000000000E+00 0.0000000000000E+00 0.0000000000000E+00 0.0000000000000E+00
 0.0000000000000E+00 0.0000000000000E+00 0.0000000000000E+00 0.0000000000000E+00
 0.0000000000000E+00 2.0509455141836E-07 0.0000000000000E+00 0.0000000000000E+00
 0.0000000000000E+00-5.9234836446976E-08 0.0000000000000E+00 0.0000000000000E+00
-7.3323842457053E-08 0.0000000000000E+00 0.0000000000000E+00 0.0000000000000E+00
 3.9199699284703E-08 0.0000000000000E+00 0.0000000000000E+00 0.0000000000000E+00
 0.0000000000000E+00 0.0000000000000E+00 0.0000000000000E+00 0.0000000000000E+00
 0.0000000000000E+00 0.0000000000000E+00 0.0000000000000E+00 0.0000000000000E+00
 0.0000000000000E+00 0.0000000000000E+00 0.0000000000000E+00 0.0000000000000E+00
 0.0000000000000E+00 0.0000000000000E+00 1.3799247177060E+00 0.0000000000000E+00
 0.0000000000000E+00-1.8202654023250E+00 0.0000000000000E+00 0.0000000000000E+00
 1.0733971786090E+00 0.0000000000000E+00 0.0000000000000E+00-2.8538451822300E-01
 0.0000000000000E+00 0.0000000000000E+00 0.0000000000000E+00 0.0000000000000E+00
 0.0000000000000E+00 0.0000000000000E+00 0.0000000000000E+00 0.0000000000000E+00
 0.0000000000000E+00 0.0000000000000E+00 0.0000000000000E+00 0.0000000000000E+00
 0.0000000000000E+00 0.0000000000000E+00 0.0000000000000E+00 1.0483080000000E-06
 0.0000000000000E+00 0.0000000000000E+00 1.9751311369544E-08 0.0000000000000E+00
 0.0000000000000E+00 0.0000000000000E+00-4.4818900000000E-07 0.0000000000000E+00
 0.0000000000000E+00-2.1688706738762E-08 0.0000000000000E+00 0.0000000000000E+00
 0.0000000000000E+00 0.0000000000000E+00 0.0000000000000E+00 0.0000000000000E+00
 0.0000000000000E+00 0.0000000000000E+00 0.0000000000000E+00 0.0000000000000E+00
 0.0000000000000E+00 0.0000000000000E+00 0.0000000000000E+00 0.0000000000000E+00
 0.0000000000000E+00 0.0000000000000E+00 0.0000000000000E+00 0.0000000000000E+00
 2.6579330000000E-06 0.0000000000000E+00 0.0000000000000E+00 8.1203200000000E-07
 0.0000000000000E+00 0.0000000000000E+00-1.0070140000000E-06 0.0000000000000E+00
 0.0000000000000E+00-1.9869440000000E-06 0.0000000000000E+00 0.0000000000000E+00
 0.0000000000000E+00 0.0000000000000E+00 0.0000000000000E+00 0.0000000000000E+00
 0.0000000000000E+00 0.0000000000000E+00 0.0000000000000E+00 0.0000000000000E+00
 0.0000000000000E+00 0.0000000000000E+00 0.0000000000000E+00 0.0000000000000E+00
 0.0000000000000E+00 0.0000000000000E+00 0.0000000000000E+00 0.0000000000000E+00
 4.2483196105921E-01 0.0000000000000E+00 0.0000000000000E+00 0.0000000000000E+00
 2.7082816930315E-02 0.0000000000000E+00 0.0000000000000E+00-1.8705041026602E-01
 0.0000000000000E+00 0.0000000000000E+00 0.0000000000000E+00-1.1924366510348E-02
 0.0000000000000E+00 0.0000000000000E+00 0.0000000000000E+00 0.0000000000000E+00
 0.0000000000000E+00 0.0000000000000E+00 0.0000000000000E+00 0.0000000000000E+00
 0.0000000000000E+00 0.0000000000000E+00 0.0000000000000E+00 0.0000000000000E+00
 0.0000000000000E+00 0.0000000000000E+00 0.0000000000000E+00 0.0000000000000E+00
 1.9170800000000E-06 0.0000000000000E+00 0.0000000000000E+00 4.4867100000000E-07
 0.0000000000000E+00 0.0000000000000E+00-6.7839500000000E-07 0.0000000000000E+00
 0.0000000000000E+00-1.4386580000000E-06 0.0000000000000E+00 0.0000000000000E+00
 0.0000000000000E+00 0.0000000000000E+00 0.0000000000000E+00 0.0000000000000E+00
 0.0000000000000E+00 0.0000000000000E+00 0.0000000000000E+00 0.0000000000000E+00
 0.0000000000000E+00 0.0000000000000E+00 0.0000000000000E+00 0.0000000000000E+00
 0.0000000000000E+00-8.2206803252300E-01 0.0000000000000E+00 0.0000000000000E+00
-1.0576308043723E-01 0.0000000000000E+00 0.0000000000000E+00 0.0000000000000E+00
 3.6195055093800E-01 0.0000000000000E+00 0.0000000000000E+00 4.6566712135003E-02
 0.0000000000000E+00 0.0000000000000E+00 0.0000000000000E+00 0.0000000000000E+00
 0.0000000000000E+00 0.0000000000000E+00 0.0000000000000E+00 0.0000000000000E+00
 0.0000000000000E+00 0.0000000000000E+00 0.0000000000000E+00 0.0000000000000E+00
 0.0000000000000E+00 0.0000000000000E+00 0.0000000000000E+00 0.0000000000000E+00
 0.0000000000000E+00-1.7183350000000E-06 0.0000000000000E+00 0.0000000000000E+00
-3.8715200000000E-07 0.0000000000000E+00 0.0000000000000E+00 5.5848000000000E-07
 0.0000000000000E+00 0.0000000000000E+00 1.2634200000000E-06 0.0000000000000E+00
 0.0000000000000E+00 0.0000000000000E+00 0.0000000000000E+00 0.0000000000000E+00
 0.0000000000000E+00 0.0000000000000E+00 0.0000000000000E+00 0.0000000000000E+00
 0.0000000000000E+00 0.0000000000000E+00 0.0000000000000E+00 0.0000000000000E+00
 0.0000000000000E+00 0.0000000000000E+00 0.0000000000000E+00 0.0000000000000E+00
 0.0000000000000E+00 2.1060841136727E-01 0.0000000000000E+00 0.0000000000000E+00
 0.0000000000000E+00 5.4792796142314E-02 0.0000000000000E+00 0.0000000000000E+00
-9.2729345196979E-02 0.0000000000000E+00 0.0000000000000E+00 0.0000000000000E+00
-2.4124868009515E-02 0.0000000000000E+00 0.0000000000000E+00 0.0000000000000E+00
 0.0000000000000E+00 0.0000000000000E+00 0.0000000000000E+00 0.0000000000000E+00
 0.0000000000000E+00 0.0000000000000E+00 0.0000000000000E+00 0.0000000000000E+00
 0.0000000000000E+00 0.0000000000000E+00 0.0000000000000E+00 0.0000000000000E+00
 0.0000000000000E+00 0.0000000000000E+00 0.0000000000000E+00 0.0000000000000E+00
 0.0000000000000E+00 0.0000000000000E+00 0.0000000000000E+00 0.0000000000000E+00
 0.0000000000000E+00 0.0000000000000E+00 0.0000000000000E+00 0.0000000000000E+00
 0.0000000000000E+00 0.0000000000000E+00 0.0000000000000E+00 0.0000000000000E+00
 0.0000000000000E+00 0.0000000000000E+00 0.0000000000000E+00 0.0000000000000E+00
 0.0000000000000E+00 0.0000000000000E+00 0.0000000000000E+00 0.0000000000000E+00
 0.0000000000000E+00 0.0000000000000E+00 0.0000000000000E+00 0.0000000000000E+00
 0.0000000000000E+00 0.0000000000000E+00 0.0000000000000E+00-1.4983021509278E-01
 0.0000000000000E+00 0.0000000000000E+00 0.0000000000000E+00 0.0000000000000E+00
 0.0000000000000E+00 0.0000000000000E+00 6.5969149715217E-02 0.0000000000000E+00
 0.0000000000000E+00 0.0000000000000E+00 0.0000000000000E+00 0.0000000000000E+00
 0.0000000000000E+00 0.0000000000000E+00 0.0000000000000E+00 0.0000000000000E+00
 0.0000000000000E+00 0.0000000000000E+00 0.0000000000000E+00 0.0000000000000E+00
 0.0000000000000E+00 0.0000000000000E+00 0.0000000000000E+00 0.0000000000000E+00
 1.7998440000000E-06 0.0000000000000E+00 0.0000000000000E+00 5.9501200000000E-07
 0.0000000000000E+00 0.0000000000000E+00-7.0234500000000E-07 0.0000000000000E+00
 0.0000000000000E+00-1.3488880000000E-06 0.0000000000000E+00 0.0000000000000E+00
 0.0000000000000E+00 0.0000000000000E+00 0.0000000000000E+00 0.0000000000000E+00
 0.0000000000000E+00 0.0000000000000E+00 0.0000000000000E+00 0.0000000000000E+00
 0.0000000000000E+00 0.0000000000000E+00 0.0000000000000E+00 0.0000000000000E+00
 0.0000000000000E+00 0.0000000000000E+00 0.0000000000000E+00 0.0000000000000E+00
-2.0978259791982E-01 0.0000000000000E+00 0.0000000000000E+00 0.0000000000000E+00
 5.4845570339143E-02 0.0000000000000E+00 0.0000000000000E+00 9.2365746203913E-02
 0.0000000000000E+00 0.0000000000000E+00 0.0000000000000E+00-2.4148104149010E-02
 0.0000000000000E+00 0.0000000000000E+00 0.0000000000000E+00 0.0000000000000E+00
 0.0000000000000E+00 0.0000000000000E+00 0.0000000000000E+00 0.0000000000000E+00
 0.0000000000000E+00 0.0000000000000E+00 0.0000000000000E+00 0.0000000000000E+00
 0.0000000000000E+00 0.0000000000000E+00 0.0000000000000E+00 0.0000000000000E+00
 1.5246150000000E-06 0.0000000000000E+00 0.0000000000000E+00 4.8386300000000E-07
 0.0000000000000E+00 0.0000000000000E+00-6.0991600000000E-07 0.0000000000000E+00
 0.0000000000000E+00-1.1567840000000E-06 0.0000000000000E+00 0.0000000000000E+00
 0.0000000000000E+00 0.0000000000000E+00 0.0000000000000E+00 0.0000000000000E+00
 0.0000000000000E+00 0.0000000000000E+00 0.0000000000000E+00 0.0000000000000E+00
 0.0000000000000E+00 0.0000000000000E+00 0.0000000000000E+00 0.0000000000000E+00
 0.0000000000000E+00-8.1923729819400E-01 0.0000000000000E+00 0.0000000000000E+00
 1.0612852667440E-01 0.0000000000000E+00 0.0000000000000E+00 0.0000000000000E+00
 3.6070419949800E-01 0.0000000000000E+00 0.0000000000000E+00-4.6727615484383E-02
 0.0000000000000E+00 0.0000000000000E+00 0.0000000000000E+00 0.0000000000000E+00
 0.0000000000000E+00 0.0000000000000E+00 0.0000000000000E+00 0.0000000000000E+00
 0.0000000000000E+00 0.0000000000000E+00 0.0000000000000E+00 0.0000000000000E+00
 0.0000000000000E+00 0.0000000000000E+00 0.0000000000000E+00 0.0000000000000E+00
 0.0000000000000E+00-2.1487290000000E-06 0.0000000000000E+00 0.0000000000000E+00
-5.1548800000000E-07 0.0000000000000E+00 0.0000000000000E+00 7.2001200000000E-07
 0.0000000000000E+00 0.0000000000000E+00 1.5849350000000E-06 0.0000000000000E+00
 0.0000000000000E+00 0.0000000000000E+00 0.0000000000000E+00 0.0000000000000E+00
 0.0000000000000E+00 0.0000000000000E+00 0.0000000000000E+00 0.0000000000000E+00
 0.0000000000000E+00 0.0000000000000E+00 0.0000000000000E+00 0.0000000000000E+00
 0.0000000000000E+00 0.0000000000000E+00 0.0000000000000E+00 0.0000000000000E+00
 0.0000000000000E+00-4.2442317392101E-01 0.0000000000000E+00 0.0000000000000E+00
 0.0000000000000E+00 2.7189429002761E-02 0.0000000000000E+00 0.0000000000000E+00
 1.8687042424718E-01 0.0000000000000E+00 0.0000000000000E+00 0.0000000000000E+00
-1.1971307094937E-02 0.0000000000000E+00 0.0000000000000E+00 0.0000000000000E+00
 0.0000000000000E+00 0.0000000000000E+00 0.0000000000000E+00 0.0000000000000E+00
 0.0000000000000E+00 0.0000000000000E+00 0.0000000000000E+00-2.0658190000000E-06
-3.9015580000000E-06-6.6421900000000E-06 5.7347090000000E-06-6.6108600000000E-07
 0.0000000000000E+00 0.0000000000000E+00 0.0000000000000E+00 0.0000000000000E+00
 0.0000000000000E+00 0.0000000000000E+00 0.0000000000000E+00 0.0000000000000E+00
 0.0000000000000E+00 0.0000000000000E+00 0.0000000000000E+00 0.0000000000000E+00
 5.9701721151750E-01 0.0000000000000E+00 0.0000000000000E+00 5.0318993811897E-01
 0.0000000000000E+00-5.2691206914050E-01 0.0000000000000E+00 0.0000000000000E+00
-4.4410181754637E-01 0.0000000000000E+00 1.5473353860800E-01 0.0000000000000E+00
 0.0000000000000E+00 1.3041660557236E-01 0.0000000000000E+00 0.0000000000000E+00
 0.0000000000000E+00 0.0000000000000E+00 0.0000000000000E+00 0.0000000000000E+00
 0.0000000000000E+00 0.0000000000000E+00 0.0000000000000E+00 0.0000000000000E+00
 0.0000000000000E+00 0.0000000000000E+00 0.0000000000000E+00 0.0000000000000E+00
 0.0000000000000E+00 4.7702990000000E-06 0.0000000000000E+00 0.0000000000000E+00
 7.7921676988321E-08 0.0000000000000E+00 0.0000000000000E+00 0.0000000000000E+00
 2.0015569883220E-08 0.0000000000000E+00 0.0000000000000E+00 0.0000000000000E+00
 0.0000000000000E+00 0.0000000000000E+00 0.0000000000000E+00 0.0000000000000E+00
 0.0000000000000E+00 0.0000000000000E+00 0.0000000000000E+00 0.0000000000000E+00
 0.0000000000000E+00 0.0000000000000E+00 0.0000000000000E+00 0.0000000000000E+00
 0.0000000000000E+00 0.0000000000000E+00 0.0000000000000E+00 0.0000000000000E+00
 2.2999958047146E+00 0.0000000000000E+00 0.0000000000000E+00 0.0000000000000E+00
 0.0000000000000E+00-2.0298833254117E+00 0.0000000000000E+00 0.0000000000000E+00
 0.0000000000000E+00 0.0000000000000E+00 5.9610482546595E-01 0.0000000000000E+00
 0.0000000000000E+00 0.0000000000000E+00 0.0000000000000E+00 0.0000000000000E+00
 0.0000000000000E+00 0.0000000000000E+00 0.0000000000000E+00 0.0000000000000E+00
 0.0000000000000E+00 0.0000000000000E+00 0.0000000000000E+00 0.0000000000000E+00
 0.0000000000000E+00 0.0000000000000E+00 0.0000000000000E+00 0.0000000000000E+00
 0.0000000000000E+00-1.8180629969393E-07 0.0000000000000E+00 0.0000000000000E+00
 0.0000000000000E+00-1.9058039698698E-08 0.0000000000000E+00 0.0000000000000E+00
 0.0000000000000E+00 0.0000000000000E+00 0.0000000000000E+00 0.0000000000000E+00
 0.0000000000000E+00 0.0000000000000E+00 0.0000000000000E+00 0.0000000000000E+00
 0.0000000000000E+00 0.0000000000000E+00 0.0000000000000E+00 0.0000000000000E+00
 0.0000000000000E+00 0.0000000000000E+00 0.0000000000000E+00 0.0000000000000E+00
 0.0000000000000E+00 0.0000000000000E+00 0.0000000000000E+00 0.0000000000000E+00
-2.2999960224022E+00 0.0000000000000E+00 0.0000000000000E+00 0.0000000000000E+00
 0.0000000000000E+00 2.0298812878393E+00 0.0000000000000E+00 0.0000000000000E+00
 0.0000000000000E+00 0.0000000000000E+00-5.9610378978097E-01 0.0000000000000E+00
 0.0000000000000E+00 0.0000000000000E+00 0.0000000000000E+00 0.0000000000000E+00
 0.0000000000000E+00 0.0000000000000E+00 0.0000000000000E+00 0.0000000000000E+00
 0.0000000000000E+00 0.0000000000000E+00 0.0000000000000E+00 0.0000000000000E+00
 0.0000000000000E+00 0.0000000000000E+00 0.0000000000000E+00 0.0000000000000E+00
 0.0000000000000E+00 1.9963711850856E-07 0.0000000000000E+00 0.0000000000000E+00
 0.0000000000000E+00-2.3453134340942E-08 0.0000000000000E+00 0.0000000000000E+00
 0.0000000000000E+00 0.0000000000000E+00 0.0000000000000E+00 0.0000000000000E+00
 0.0000000000000E+00 0.0000000000000E+00 0.0000000000000E+00 0.0000000000000E+00
 0.0000000000000E+00 0.0000000000000E+00 0.0000000000000E+00 0.0000000000000E+00
 0.0000000000000E+00 0.0000000000000E+00 0.0000000000000E+00 0.0000000000000E+00
 0.0000000000000E+00 0.0000000000000E+00 0.0000000000000E+00 0.0000000000000E+00
 0.0000000000000E+00-2.2999964425718E+00 0.0000000000000E+00 0.0000000000000E+00
 0.0000000000000E+00 0.0000000000000E+00 2.0298786218702E+00 0.0000000000000E+00
 0.0000000000000E+00 0.0000000000000E+00 0.0000000000000E+00-5.9610308773228E-01
 0.0000000000000E+00 0.0000000000000E+00 0.0000000000000E+00 0.0000000000000E+00
 0.0000000000000E+00 0.0000000000000E+00 0.0000000000000E+00 0.0000000000000E+00
 0.0000000000000E+00 0.0000000000000E+00 0.0000000000000E+00 0.0000000000000E+00
 0.0000000000000E+00 0.0000000000000E+00 0.0000000000000E+00 0.0000000000000E+00
 0.0000000000000E+00 0.0000000000000E+00-4.1341617337604E-08 0.0000000000000E+00
 0.0000000000000E+00 0.0000000000000E+00-1.5178336549233E-09-8.7561900000000E-07
-1.2855390000000E-06-1.9813770000000E-06 2.6446780000000E-06-1.0898440000000E-06
 0.0000000000000E+00 0.0000000000000E+00 0.0000000000000E+00 0.0000000000000E+00
 0.0000000000000E+00 0.0000000000000E+00 0.0000000000000E+00 0.0000000000000E+00
 0.0000000000000E+00 0.0000000000000E+00 0.0000000000000E+00 0.0000000000000E+00
-2.9051789802950E-01 0.0000000000000E+00 0.0000000000000E+00 1.0340679454164E+00
 0.0000000000000E+00 2.5639710242350E-01 0.0000000000000E+00 0.0000000000000E+00
-9.1262059017148E-01 0.0000000000000E+00-7.5295811612500E-02 0.0000000000000E+00
 0.0000000000000E+00 2.6800638454051E-01 0.0000000000000E+00 0.0000000000000E+00
 0.0000000000000E+00 0.0000000000000E+00 0.0000000000000E+00 0.0000000000000E+00
 0.0000000000000E+00 0.0000000000000E+00 0.0000000000000E+00 0.0000000000000E+00
 0.0000000000000E+00 0.0000000000000E+00 0.0000000000000E+00 0.0000000000000E+00
 0.0000000000000E+00 2.8591280000000E-06 0.0000000000000E+00 0.0000000000000E+00
-1.2427760222987E-07 0.0000000000000E+00 0.0000000000000E+00 0.0000000000000E+00
 1.7794074881714E-08 0.0000000000000E+00 1.1639771344971E+01 1.2387367585339E+01
 2.0041777486700E+00-1.3974586893420E+00 4.3956387489000E-01 0.0000000000000E+00
 0.0000000000000E+00 0.0000000000000E+00 0.0000000000000E+00 0.0000000000000E+00
 0.0000000000000E+00 0.0000000000000E+00 0.0000000000000E+00 0.0000000000000E+00
 0.0000000000000E+00 0.0000000000000E+00 0.0000000000000E+00 1.2098550000000E-07
 0.0000000000000E+00 0.0000000000000E+00 3.1283175853284E-07 0.0000000000000E+00
 2.1635750000000E-07 0.0000000000000E+00 0.0000000000000E+00 6.8642126131899E-07
 0.0000000000000E+00 9.5651500000000E-08 0.0000000000000E+00 0.0000000000000E+00
 2.6172067125229E-07 0.0000000000000E+00 0.0000000000000E+00 0.0000000000000E+00
 0.0000000000000E+00 0.0000000000000E+00 0.0000000000000E+00 0.0000000000000E+00
 0.0000000000000E+00 0.0000000000000E+00 0.0000000000000E+00 0.0000000000000E+00
 0.0000000000000E+00 0.0000000000000E+00 0.0000000000000E+00 0.0000000000000E+00
-6.0663000000000E-08 0.0000000000000E+00 0.0000000000000E+00-3.3730340084592E-09
 0.0000000000000E+00 0.0000000000000E+00 0.0000000000000E+00-1.3099890948292E-12
 0.0000000000000E+00

EIGENVALUES
-----------
k 1 0.00000000 0.00000000 0.00000000
-3.2776951202249E+01 4.4325308049456E+00 2.0286396260997E+00 2.0286455309286E+00
 2.0286379240919E+00-8.5362286601574E-01-8.5362305447250E-01-8.5362304738167E-01
 2.3328944672773E+00 4.4323231741159E+00 4.4323009740419E+00 4.4323451619913E+00
 4.4322970424009E+00-1.9389726150171E+00 2.7886973125111E+00 2.7887001053260E+00
 2.7887025794125E+00 4.4036061459347E+00 4.6647138392055E+00 4.6648185554292E+00
 4.6648271632358E+00 4.6648369745300E+00 4.6648529412379E+00 5.8925730187212E+00
 5.8925730162152E+00 5.8925730520903E+00 5.8925730038997E+00 5.8925730337555E+00
 5.8925729621849E+00 5.8925729683617E+00 1.4887511545255E+01 1.4887511543815E+01
 1.4887511549629E+01 1.4887511516575E+01 1.4887511546024E+01 1.4887511460963E+01
 1.4887511478770E+01 1.4887511351087E+01 1.4887511350590E+01 1.5696570295697E+01
 1.5696572560211E+01 1.5696573113320E+01 1.9777402772028E+01 1.9777402766882E+01
 1.9777402749478E+01 1.9777402668912E+01 1.9777402692312E+01 1.9777402492807E+01
 1.9777402502779E+01 2.0578447259219E+01 2.0578528552160E+01 2.0578532400202E+01
 2.0578538785050E+01 2.0578569001065E+01 6.6528842436747E+01
