# path = examples/gwfn/Ar/HF/cc-pVQZ/CBCS/Slater
# package = /home/vladimir/PycharmProjects/PyCasino
# steps per point = 1000000
# Performing time-step optimization.
# electrons = 18
# optimized DTVMC = 4.47419e-01
#       dtvmc   target  acc_ratio  diffusion   corr_E  corr_err  corr_r2   corr_TD  variance  decorr  ms_indep  us_move  us_energy  move_frac
 1.18495e-02     0.95    0.94726    0.00055    53.13      1.34  1716.41      2.77 131.66155      19     3.547    58.99      96.39    1.00000
 4.75854e-02     0.90    0.89521    0.00215    14.96      0.20   539.94      1.01 132.68873       8     1.160    59.03      95.82    1.00000
 1.07780e-01     0.85    0.84419    0.00459     7.59      0.07   219.03      1.22 136.92459       5     0.667    58.13      96.20    1.00000
 1.93420e-01     0.80    0.79451    0.00779     5.24      0.04   141.68      1.24 135.99915       4     0.498    56.86      95.48    1.00000
 3.05963e-01     0.75    0.74614    0.01167     4.29      0.03   101.51      1.28 130.85086       3     0.431    55.94      95.88    1.00000
 4.47419e-01     0.70    0.70020    0.01605     3.73      0.03    71.59      1.03 133.70156       3     0.385    55.15      95.24    1.00000
 6.20479e-01     0.65    0.65538    0.02093     3.71      0.03    57.74      1.04 129.60018       3     0.382    54.55      96.11    1.00000
 8.28698e-01     0.60    0.61240    0.02624     3.68      0.02    44.67      1.00 153.79356       3     0.375    53.58      95.58    1.00000
 1.07677e+00     0.55    0.57122    0.03187     3.89      0.03    36.87      1.04 129.24699       3     0.387    52.83      96.00    1.00000
 1.37095e+00     0.50    0.53204    0.03790     5.11      0.04    32.87      1.06 141.35195       4     0.460    52.13      95.17    1.00000
 1.71966e+00     0.45    0.49417    0.04413     5.67      0.05    27.31      1.00 139.56827       4     0.490    51.18      95.75    1.00000
 2.13454e+00     0.40    0.45786    0.05061     5.60      0.05    24.19      1.04 133.47852       4     0.481    50.54      95.17    0.99999
 2.63216e+00     0.35    0.42225    0.05738     6.96      0.06    21.82      1.01 136.01029       5     0.557    49.85      95.67    0.99997
 3.23708e+00     0.30    0.38755    0.06455     7.90      0.08    20.29      1.00 126.34006       5     0.611    49.47      96.08    0.99991
 3.98777e+00     0.25    0.35249    0.07174    10.97      0.13    19.14      1.02 136.50370       7     0.784    49.28      97.70    0.99972
 4.94928e+00     0.20    0.31700    0.07930    11.67      0.14    18.26      1.06 125.49249       7     0.809    48.28      97.04    0.99922
 6.24471e+00     0.15    0.27957    0.08720    17.02      0.24    17.65      1.07 135.41279       9     1.079    47.45      96.37    0.99783
 8.15314e+00     0.10    0.23937    0.09574    22.65      0.38    16.62      1.03 121.96767      11     1.342    46.35      95.46    0.99393
 1.15762e+01     0.05    0.19057    0.10502    34.80      0.71    17.38      1.06 146.19569      15     1.903    45.13      96.00    0.97967
