# path = examples/gwfn/Ar/HF/cc-pVQZ/CBCS/Slater
# package = /home/vladimir/PycharmProjects/PyCasino/examples/step_profile/tabulated/Ar-gto.pkg
# steps per point = 1000000
# Performing time-step optimization.
# electrons = 18
# optimized DTVMC = 2.12433e-01
#       dtvmc   target  acc_ratio  diffusion   corr_E  corr_err  corr_r2   corr_TD  variance  decorr  ms_indep  us_move  us_energy  move_frac
 5.62609e-03     0.95    0.94467    0.00081   103.99      3.68  1116.47      4.97 140.31536      43     8.014    65.32     328.36    1.00000
 2.25934e-02     0.90    0.89137    0.00297    29.65      0.56   360.37      1.59 136.16310      12     2.266    64.35      98.19    1.00000
 5.11735e-02     0.85    0.84029    0.00626    14.66      0.20   158.48      1.36 140.61504       8     1.217    63.49      98.14    1.00000
 9.18353e-02     0.80    0.79163    0.01046     8.63      0.09   101.54      1.28 143.69833       5     0.784    62.60      98.11    1.00000
 1.45270e-01     0.75    0.74494    0.01540     6.94      0.06    71.58      1.13 132.27820       5     0.653    61.42      97.60    1.00000
 2.12433e-01     0.70    0.69978    0.02093     5.30      0.04    50.61      1.25 139.49600       4     0.530    60.79      97.59    1.00000
 2.94601e-01     0.65    0.65623    0.02680     4.74      0.04    40.76      1.13 129.81206       4     0.485    59.87      97.68    1.00000
 3.93463e-01     0.60    0.61393    0.03301     4.22      0.03    34.49      1.08 133.02490       3     0.443    59.12      97.57    1.00000
 5.11248e-01     0.55    0.57318    0.03948     3.99      0.03    29.42      1.08 129.59882       3     0.422    58.37      97.60    1.00000
 6.50921e-01     0.50    0.53371    0.04592     3.80      0.03    27.26      1.06 131.98167       3     0.405    57.64      97.60    1.00000
 8.16487e-01     0.45    0.49543    0.05252     3.72      0.03    24.26      1.09 135.80231       3     0.396    56.85      98.17    1.00000
 1.01347e+00     0.40    0.45829    0.05899     4.00      0.03    21.72      1.04 135.61918       3     0.413    56.13      97.58    0.99999
 1.24974e+00     0.35    0.42184    0.06556     4.15      0.03    20.50      1.03 143.51139       3     0.421    55.45      98.13    0.99995
 1.53695e+00     0.30    0.38597    0.07224     4.47      0.03    19.87      1.07 131.58132       4     0.445    55.45      99.05    0.99986
 1.89338e+00     0.25    0.35053    0.07875     4.78      0.04    19.36      1.02 130.38540       4     0.460    54.65      98.84    0.99958
 2.34990e+00     0.20    0.31448    0.08570     5.98      0.05    18.86      1.10 136.67287       4     0.530    53.56      98.07    0.99886
 2.96497e+00     0.15    0.27669    0.09227     6.81      0.06    19.04      1.01 136.85637       5     0.576    52.76      98.06    0.99697
 3.87108e+00     0.10    0.23531    0.09898     8.97      0.09    19.80      1.00 140.48196       6     0.698    51.86      98.04    0.99155
 5.49634e+00     0.05    0.18476    0.10281    11.65      0.14    21.41      1.02 128.17293       7     0.842    50.87      97.59    0.97300
