# path = examples/gwfn/CH4/HF/cc-pVQZ/CBCS/Slater
# package = /home/vladimir/PycharmProjects/PyCasino/examples/step_profile/tabulated/CH4-gto.pkg
# steps per point = 1000000
# Performing time-step optimization.
# electrons = 10
# optimized DTVMC = 1.53484e-01
#       dtvmc   target  acc_ratio  diffusion   corr_E  corr_err  corr_r2   corr_TD  variance  decorr  ms_indep  us_move  us_energy  move_frac
 4.06487e-03     0.95    0.94367    0.00175   114.72      4.26  1521.15      6.73   8.39203      49     7.411    54.02     339.04    1.00000
 1.63238e-02     0.90    0.88987    0.00643    31.69      0.62   475.62      3.24   8.92126      14     2.063    53.31     110.28    1.00000
 3.69731e-02     0.85    0.83792    0.01338    15.32      0.21   217.71      2.06   8.95488       9     1.114    53.18     110.31    1.00000
 6.63514e-02     0.80    0.78919    0.02202    10.01      0.11   134.91      2.08   8.49768       7     0.792    52.77     110.25    1.00000
 1.04958e-01     0.75    0.74281    0.03198     7.05      0.07    89.28      1.59   8.79496       5     0.607    52.41     110.23    1.00000
 1.53484e-01     0.70    0.69850    0.04296     5.37      0.04    68.46      1.13   8.98465       4     0.500    52.10     110.30    0.99999
 2.12850e-01     0.65    0.65704    0.05500     4.38      0.03    54.02      1.01   8.84972       4     0.435    51.78     110.30    0.99998
 2.84279e-01     0.60    0.61714    0.06753     4.25      0.03    42.93      1.15   8.49703       4     0.425    51.47     110.35    0.99992
 3.69379e-01     0.55    0.57880    0.08076     4.02      0.03    37.31      1.24   8.41956       4     0.409    51.08     110.34    0.99983
 4.70293e-01     0.50    0.54255    0.09467     3.74      0.03    32.47      1.22   8.73029       3     0.388    50.74     110.37    0.99959
 5.89915e-01     0.45    0.50695    0.10892     3.87      0.03    26.38      1.22   8.85171       3     0.396    50.46     110.40    0.99920
 7.32236e-01     0.40    0.47234    0.12316     3.94      0.03    24.97      1.03   8.56357       3     0.400    50.10     110.32    0.99839
 9.02941e-01     0.35    0.43769    0.13768     3.99      0.03    21.59      1.03   8.85193       4     0.401    49.79     110.48    0.99683
 1.11045e+00     0.30    0.40303    0.15185     4.46      0.03    20.50      1.13   8.74464       4     0.427    49.48     110.27    0.99431
 1.36797e+00     0.25    0.36744    0.16543     4.81      0.04    18.94      1.11  10.85577       4     0.446    49.12     110.36    0.98978
 1.69781e+00     0.20    0.33014    0.17825     6.02      0.05    17.97      1.09   8.04999       5     0.518    48.78     110.98    0.98177
 2.14220e+00     0.15    0.28979    0.18894     7.23      0.07    17.67      1.03   8.81521       5     0.591    48.74     111.95    0.96706
 2.79687e+00     0.10    0.24491    0.19690    10.76      0.12    17.78      1.05  10.08940       7     0.782    48.16     111.14    0.93951
 3.97113e+00     0.05    0.18988    0.19934    14.38      0.19    18.87      1.12  10.84376       9     0.970    47.56     111.25    0.87730
