# path = examples/gwfn/CH4/HF/cc-pVQZ/CBCS/Slater
# package = /home/vladimir/PycharmProjects/PyCasino
# steps per point = 1000000
# Performing time-step optimization.
# electrons = 10
# optimized DTVMC = 3.20321e-01
#       dtvmc   target  acc_ratio  diffusion   corr_E  corr_err  corr_r2   corr_TD  variance  decorr  ms_indep  us_move  us_energy  move_frac
 8.48339e-03     0.95    0.94764    0.00212    64.30      1.79  1299.45      4.44   8.86622      24     3.761    51.31     110.86    1.00000
 3.40678e-02     0.90    0.89600    0.00799    18.03      0.27   305.82      2.04   8.93257      10     1.354    55.29     129.84    1.00000
 7.71629e-02     0.85    0.84494    0.01683     9.16      0.10   138.49      2.30   8.92251       6     0.793    56.43     118.84    1.00000
 1.38475e-01     0.80    0.79517    0.02817     5.95      0.05    84.84      1.35   8.96542       5     0.550    52.97     114.56    1.00000
 2.19048e-01     0.75    0.74695    0.04115     4.59      0.03    60.21      1.49   8.71052       4     0.464    53.45     115.18    1.00000
 3.20321e-01     0.70    0.69993    0.05551     3.93      0.03    45.09      1.14   8.83636       4     0.420    51.76     119.68    0.99999
 4.44219e-01     0.65    0.65378    0.07087     3.50      0.02    35.15      1.11   9.91454       3     0.383    52.21     114.46    0.99998
 5.93290e-01     0.60    0.60927    0.08658     3.64      0.02    29.60      1.07   8.89018       3     0.390    50.78     116.47    0.99994
 7.70894e-01     0.55    0.56540    0.10262     3.82      0.03    26.14      1.14   9.06186       3     0.431    56.41     117.83    0.99981
 9.81502e-01     0.50    0.52352    0.11855     4.21      0.03    22.18      1.10   9.32004       4     0.428    50.79     116.73    0.99950
 1.23115e+00     0.45    0.48226    0.13412     4.88      0.04    20.12      1.06   9.28826       4     0.446    48.04     111.95    0.99875
 1.52818e+00     0.40    0.44252    0.14971     5.66      0.05    18.79      1.04   8.50919       5     0.520    51.24     114.57    0.99745
 1.88444e+00     0.35    0.40336    0.16375     7.73      0.07    17.44      1.04   9.72662       6     0.608    47.60     111.72    0.99471
 2.31752e+00     0.30    0.36544    0.17793     8.87      0.09    17.14      1.10   8.67742       6     0.669    47.23     112.09    0.99012
 2.85496e+00     0.25    0.32829    0.19089    10.53      0.12    16.61      1.06   8.30702       7     0.752    46.70     111.06    0.98231
 3.54334e+00     0.20    0.29085    0.20289    14.22      0.19    16.22      1.04   8.77712       9     0.941    46.24     111.37    0.96893
 4.47078e+00     0.15    0.25212    0.21278    17.32      0.25    17.07      1.07   8.20143      10     1.109    46.69     111.14    0.94658
 5.83707e+00     0.10    0.21136    0.22069    26.44      0.47    18.05      1.08   8.14019      13     1.541    45.45     111.44    0.90666
 8.28775e+00     0.05    0.16175    0.21719    36.11      0.75    20.86      1.12   8.47801      17     1.991    44.84     111.47    0.82728
