# path = examples/gwfn/Ne/HF/cc-pVQZ/CBCS/Slater
# package = /home/vladimir/PycharmProjects/PyCasino/examples/step_profile/tabulated/Ne-gto.pkg
# steps per point = 1000000
# Performing time-step optimization.
# electrons = 10
# optimized DTVMC = 1.74151e-01
#       dtvmc   target  acc_ratio  diffusion   corr_E  corr_err  corr_r2   corr_TD  variance  decorr  ms_indep  us_move  us_energy  move_frac
 4.61224e-03     0.95    0.94751    0.00068   119.99      4.56  1276.94      4.16  32.86178      57     4.592    30.81     274.81    1.00000
 1.85219e-02     0.90    0.89549    0.00254    31.73      0.62   365.47      2.08  31.32232      13     1.089    29.27      42.39    1.00000
 4.19518e-02     0.85    0.84425    0.00537    15.06      0.20   190.33      1.70  33.63903       8     0.562    28.87      42.44    1.00000
 7.52861e-02     0.80    0.79432    0.00888     9.24      0.10   120.95      1.11  33.49772       6     0.373    28.51      42.53    1.00000
 1.19092e-01     0.75    0.74590    0.01293     6.97      0.06    81.01      1.05  31.41152       5     0.297    28.25      42.43    1.00000
 1.74151e-01     0.70    0.69903    0.01746     5.46      0.04    63.04      1.39  32.13703       4     0.244    27.80      42.69    0.99999
 2.41512e-01     0.65    0.65412    0.02221     4.67      0.04    50.69      1.36  32.09204       4     0.218    27.57      42.55    0.99999
 3.22559e-01     0.60    0.61021    0.02717     3.97      0.03    41.88      1.23  33.76174       3     0.191    27.04      42.47    0.99990
 4.19118e-01     0.55    0.56762    0.03207     3.96      0.03    35.94      1.01  31.46765       3     0.189    26.75      42.36    0.99978
 5.33622e-01     0.50    0.52683    0.03715     3.75      0.03    32.06      1.05  31.16050       3     0.180    26.42      42.48    0.99941
 6.69351e-01     0.45    0.48714    0.04218     3.66      0.02    28.71      1.13  32.58755       3     0.176    26.07      42.44    0.99870
 8.30838e-01     0.40    0.44918    0.04718     3.79      0.03    26.40      1.00  31.34281       3     0.179    25.81      42.39    0.99729
 1.02453e+00     0.35    0.41156    0.05193     4.10      0.03    25.28      1.02  33.02693       3     0.187    25.45      42.35    0.99492
 1.25999e+00     0.30    0.37445    0.05655     4.22      0.03    23.36      1.05  30.73407       3     0.191    25.27      42.66    0.99047
 1.55218e+00     0.25    0.33791    0.06113     4.78      0.04    22.71      1.01  33.73343       4     0.206    24.92      42.63    0.98314
 1.92644e+00     0.20    0.30013    0.06504     5.45      0.04    22.66      1.03  33.70562       4     0.223    24.56      42.64    0.97109
 2.43066e+00     0.15    0.26111    0.06848     6.36      0.06    22.40      1.06  29.99097       5     0.248    24.26      42.56    0.94945
 3.17349e+00     0.10    0.21824    0.07013     8.08      0.08    24.34      1.02  31.49493       5     0.293    23.85      42.67    0.91196
 4.50587e+00     0.05    0.16674    0.06862    10.42      0.12    26.85      1.11  31.93230       7     0.351    23.38      42.67    0.83404
