# path = examples/gwfn/Ne/HF/cc-pVQZ/CBCS/Slater
# package = /home/vladimir/PycharmProjects/PyCasino
# steps per point = 1000000
# Performing time-step optimization.
# electrons = 10
# optimized DTVMC = 3.22306e-01
#       dtvmc   target  acc_ratio  diffusion   corr_E  corr_err  corr_r2   corr_TD  variance  decorr  ms_indep  us_move  us_energy  move_frac
 8.53598e-03     0.95    0.94770    0.00064    67.96      1.94  1162.03      3.76  32.14716      22     2.013    26.73      41.84    1.00000
 3.42790e-02     0.90    0.89625    0.00241    18.66      0.28   378.97      1.90  30.98007       9     0.621    26.35      41.56    1.00000
 7.76412e-02     0.85    0.84509    0.00512     9.79      0.11   175.26      1.99  31.52217       6     0.360    25.89      41.54    1.00000
 1.39334e-01     0.80    0.79544    0.00859     5.99      0.05   112.11      1.22  32.92713       4     0.245    25.54      41.45    1.00000
 2.20406e-01     0.75    0.74681    0.01265     4.58      0.03    74.71      1.04  33.26289       4     0.200    25.15      41.62    1.00000
 3.22306e-01     0.70    0.69949    0.01720     4.09      0.03    56.88      1.01  30.27540       3     0.183    24.82      41.49    0.99999
 4.46973e-01     0.65    0.65336    0.02211     3.75      0.03    46.02      1.19  30.34869       3     0.171    24.53      41.59    0.99997
 5.96968e-01     0.60    0.60806    0.02717     3.73      0.03    38.57      1.01  32.73693       3     0.169    24.30      41.45    0.99993
 7.75673e-01     0.55    0.56467    0.03243     3.66      0.02    32.73      1.09  31.35408       3     0.165    23.90      41.58    0.99981
 9.87587e-01     0.50    0.52209    0.03767     4.01      0.03    29.05      1.06  32.56512       3     0.174    23.53      41.46    0.99948
 1.23878e+00     0.45    0.48125    0.04306     4.66      0.04    25.92      1.01  32.30821       4     0.191    23.23      41.58    0.99876
 1.53765e+00     0.40    0.44158    0.04836     5.00      0.04    24.54      1.09  30.79112       4     0.199    22.91      41.52    0.99737
 1.89612e+00     0.35    0.40282    0.05337     5.96      0.05    22.37      1.10  32.22792       4     0.224    22.59      41.50    0.99473
 2.33189e+00     0.30    0.36505    0.05831     6.43      0.06    21.81      1.03  30.90621       5     0.234    22.36      41.58    0.98983
 2.87266e+00     0.25    0.32806    0.06324     8.59      0.09    20.52      1.02  30.93707       6     0.287    21.98      41.64    0.98210
 3.56531e+00     0.20    0.29063    0.06765     9.30      0.10    20.59      1.02  31.14139       6     0.301    21.68      41.46    0.96846
 4.49849e+00     0.15    0.25215    0.07159    12.16      0.15    20.84      1.01  30.48854       7     0.367    21.35      41.53    0.94579
 5.87326e+00     0.10    0.21048    0.07417    30.39      0.58    21.01      1.03  32.93207      14     0.780    21.01      41.61    0.90521
 8.33913e+00     0.05    0.16068    0.07343    26.89      0.49    25.68      1.00  30.60890      13     0.690    20.64      41.72    0.82433
