# system = Ar-gto
# path = examples/gwfn/Ar/HF/cc-pVQZ/CBCS/Slater
# vmc_method = 1
# steps per point = 100000
# Performing time-step optimization.
# electrons = 18
# optimized DTVMC = 4.87782e-02
#       dtvmc   target  acc_ratio  diffusion   corr_E  corr_err  corr_r2   corr_TD  variance  decorr  ms_indep  us_move  us_energy  move_frac
 4.21604e-04     0.95    0.92103    0.00038    17.07      0.77  2531.74      2.10 134.49921       9     1.355    59.51     119.63    1.00000
 1.69309e-03     0.90    0.84997    0.00137     6.46      0.18  2012.16      1.48 130.45485       5     0.636    60.41     113.48    1.00000
 3.83480e-03     0.85    0.78914    0.00281     5.75      0.15   807.04      1.09 181.90016       4     0.613    64.78     112.49    1.00000
 6.88188e-03     0.80    0.73670    0.00462     6.62      0.19   525.78      1.10 130.84998       5     0.584    54.50     102.18    1.00000
 1.08861e-02     0.75    0.68868    0.00672     5.97      0.16   365.17      1.12 136.43257       5     0.564    55.79     109.37    1.00000
 1.59191e-02     0.70    0.64726    0.00910     7.62      0.23   208.00      1.11 118.10026       5     0.634    52.96     101.60    1.00000
 2.20766e-02     0.65    0.60989    0.01174    12.36      0.48   199.72      1.04 128.92031       7     0.879    50.31      99.13    1.00000
 2.94850e-02     0.60    0.57369    0.01448    22.96      1.21   120.55      1.11 373.22213      11     1.512    51.90     103.02    1.00000
 3.83115e-02     0.55    0.54101    0.01752    19.28      0.93    97.90      1.04 132.03959      10     1.266    50.06     103.21    1.00000
 4.87782e-02     0.50    0.51103    0.02077    19.03      0.91    85.05      1.18 107.71849      10     1.303    52.15     106.89    1.00000
 6.11852e-02     0.45    0.48175    0.02426    30.89      1.89    75.45      1.14 140.78490      15     1.907    49.42     118.34    0.99999
 7.59467e-02     0.40    0.45367    0.02792    25.43      1.41    62.25      1.03 120.91879      12     1.822    57.96     106.27    1.00000
 9.36520e-02     0.35    0.42719    0.03203    35.41      2.31    52.32      1.07 118.44485      16     2.174    50.42     114.11    1.00000
 1.15175e-01     0.30    0.40107    0.03645    51.04      4.00    46.97      1.09 118.27653      20     3.055    51.47     110.24    0.99999
 1.41884e-01     0.25    0.37457    0.04130    46.44      3.47    40.48      1.06 103.71055      19     2.604    47.80     101.41    0.99996
 1.76095e-01     0.20    0.34762    0.04679    70.31      6.47    35.12      1.00 131.18097      25     4.308    54.06     118.95    0.99991
 2.22187e-01     0.15    0.31916    0.05301    56.61      4.67    29.71      1.29 148.28784      22     3.183    48.57     109.81    0.99971
 2.90088e-01     0.10    0.28776    0.06088    83.12      8.30    24.26      1.15  97.82158      29     4.232    45.24     107.52    0.99918
 4.11881e-01     0.05    0.24763    0.07160   173.73     25.09    21.97      1.12  86.44809      46     9.765    52.43     115.13    0.99710
