# system = Ar-gto
# path = examples/gwfn/Ar/HF/cc-pVQZ/CBCS/Slater
# vmc_method = 4
# steps per point = 100000
# Performing time-step optimization.
# electrons = 18
# optimized DTVMC = 1.64985e+00
#       dtvmc   target  acc_ratio  diffusion   corr_E  corr_err  corr_r2   corr_TD  variance  decorr  ms_indep  us_move  us_energy  move_frac
 1.42601e-02     0.95    0.94255    0.00066    44.62      3.27   956.97      2.60 130.06817      16     3.849    75.52     115.84    1.00000
 5.72660e-02     0.90    0.88504    0.00253    11.67      0.44   318.08      1.11 127.01924       7     1.127    70.02     116.14    1.00000
 1.29706e-01     0.85    0.83023    0.00547     7.76      0.24   171.18      1.29 127.95952       5     0.845    73.49     114.46    1.00000
 2.32769e-01     0.80    0.77624    0.00914     4.64      0.11    99.80      1.30 141.58514       4     0.568    70.64     117.22    1.00000
 3.68207e-01     0.75    0.72425    0.01371     4.02      0.09    79.47      1.08 128.58316       3     0.466    61.43     114.65    1.00000
 5.38441e-01     0.70    0.67529    0.01863     3.70      0.08    52.79      1.16 128.71939       3     0.404    58.00     101.22    1.00000
 7.46707e-01     0.65    0.62815    0.02433     3.59      0.08    45.11      1.12 129.30066       3     0.431    61.19     116.35    1.00000
 9.97286e-01     0.60    0.58365    0.03011     3.79      0.08    42.89      1.16 122.67404       3     0.416    59.88      98.77    1.00000
 1.29583e+00     0.55    0.54126    0.03636     4.13      0.09    27.82      1.07 123.56480       3     0.457    61.40     103.49    1.00000
 1.64985e+00     0.50    0.50154    0.04285     5.02      0.12    27.29      1.10 133.65343       4     0.485    54.90     104.27    1.00000
 2.06950e+00     0.45    0.46314    0.04971     5.36      0.14    28.15      1.11 134.43485       4     0.497    53.42     103.40    1.00000
 2.56878e+00     0.40    0.42682    0.05675     6.33      0.18    23.16      1.05 117.58606       5     0.586    57.19     101.96    0.99997
 3.16764e+00     0.35    0.39159    0.06378     7.48      0.22    21.15      1.11 133.32864       6     0.659    53.54     118.80    0.99989
 3.89562e+00     0.30    0.35601    0.07085    10.10      0.35    19.25      1.00 125.65846       7     0.750    50.14     100.06    0.99976
 4.79903e+00     0.25    0.32201    0.07812    10.80      0.39    18.88      1.06 125.98403       7     0.793    50.29     101.61    0.99933
 5.95615e+00     0.20    0.28677    0.08558    15.23      0.66    16.52      1.09 179.11730       9     1.014    48.40     103.09    0.99841
 7.51512e+00     0.15    0.25176    0.09355    18.48      0.87    17.21      1.17 115.37646      10     1.178    48.19     100.06    0.99544
 9.81179e+00     0.10    0.21275    0.10116    21.83      1.12    16.04      1.12 116.44839      11     1.360    48.54      99.31    0.98789
 1.39312e+01     0.05    0.16708    0.10860    38.24      2.60    17.75      1.10 110.55134      17     2.122    46.19     100.96    0.96518
