# system = Be-gto
# path = examples/gwfn/Be/HF/cc-pVQZ/CBCS/Slater
# vmc_method = 1
# steps per point = 100000
# Performing time-step optimization.
# electrons = 4
# optimized DTVMC = 2.19740e-01
#       dtvmc   target  acc_ratio  diffusion   corr_E  corr_err  corr_r2   corr_TD  variance  decorr  ms_indep  us_move  us_energy  move_frac
 1.89927e-03     0.95    0.92638    0.00171    22.36      1.16  4173.92      4.49   2.89348      12     0.289     9.92      22.85    0.99998
 7.62713e-03     0.90    0.85738    0.00621     6.92      0.20   845.82      1.35   3.03038       5     0.117     9.84      23.27    0.99994
 1.72753e-02     0.85    0.79310    0.01265     4.58      0.11   676.08      1.77   3.10911       4     0.086     9.55      22.63    0.99965
 3.10020e-02     0.80    0.73850    0.02074     4.31      0.10   319.07      3.16   2.79676       4     0.121    15.13      28.73    0.99873
 4.90407e-02     0.75    0.68670    0.02991     4.26      0.10   137.70      1.99   2.54883       4     0.079     9.17      22.32    0.99736
 7.17137e-02     0.70    0.64275    0.04042     3.69      0.08   121.33      2.81   4.24121       3     0.074     9.20      23.00    0.99504
 9.94522e-02     0.65    0.60184    0.05172     5.69      0.15   103.68      2.11   2.81887       5     0.097     9.15      23.01    0.99221
 1.32826e-01     0.60    0.56558    0.06401     7.43      0.22    90.16      1.48   2.70513       6     0.185    14.42      37.45    0.98756
 1.72588e-01     0.55    0.53463    0.07803     6.96      0.20    86.81      1.16   2.69200       6     0.176    14.28      37.54    0.98236
 2.19740e-01     0.50    0.50526    0.09317     7.09      0.21    67.35      1.08   2.94851       6     0.177    14.12      37.45    0.97585
 2.75632e-01     0.45    0.47763    0.10982    19.27      0.93    50.35      1.46   3.11794      11     0.232     8.82      22.60    0.96711
 3.42130e-01     0.40    0.45298    0.12878    14.49      0.60    38.92      1.23   3.52813      10     0.201     9.02      30.30    0.95751
 4.21890e-01     0.35    0.42664    0.14848    24.71      1.35    38.46      1.04   3.14021      15     0.307     8.59      37.61    0.94527
 5.18848e-01     0.30    0.40601    0.17199    22.57      1.18    28.94      1.00   2.20136      13     0.412    13.58      37.73    0.93295
 6.39171e-01     0.25    0.38292    0.19856    23.99      1.29    25.17      1.11   1.98721      13     0.434    13.65      37.36    0.91692
 7.93286e-01     0.20    0.35709    0.22679    34.49      2.22    25.64      1.10   2.48631      15     0.516    12.55      23.19    0.89276
 1.00092e+00     0.15    0.33461    0.26544    57.13      4.73    23.24      1.07   2.09911      23     0.566     8.42      22.74    0.86743
 1.30681e+00     0.10    0.30578    0.30662    93.25      9.88    19.12      1.06   2.05605      33     1.394    13.22      37.34    0.83033
 1.85547e+00     0.05    0.26849    0.36492    95.11     10.16    17.90      1.17   4.94338      33     0.877     8.18      22.66    0.77159
