# system = Be-gto
# path = examples/gwfn/Be/HF/cc-pVQZ/CBCS/Slater
# vmc_method = 4
# steps per point = 100000
# Performing time-step optimization.
# electrons = 4
# optimized DTVMC = 1.03514e+00
#       dtvmc   target  acc_ratio  diffusion   corr_E  corr_err  corr_r2   corr_TD  variance  decorr  ms_indep  us_move  us_energy  move_frac
 8.94696e-03     0.95    0.94272    0.00322    50.33      3.92  1056.76     25.35   2.86015      19     0.673    11.56      23.10    0.99997
 3.59294e-02     0.90    0.88594    0.01203    15.73      0.69   290.58      8.64   2.86428       9     0.240    11.12      24.30    0.99987
 8.13794e-02     0.85    0.83175    0.02547     7.69      0.24   147.10      3.11   2.62471       5     0.169    14.37      25.00    0.99945
 1.46042e-01     0.80    0.77833    0.04371     3.98      0.09    98.08      3.82   4.10113       3     0.087    11.29      22.31    0.99803
 2.31018e-01     0.75    0.72670    0.06468     4.10      0.09    50.33      1.50   2.85637       4     0.087    10.79      23.15    0.99622
 3.37824e-01     0.70    0.67807    0.08902     3.15      0.06    48.73      1.75   3.17617       3     0.071    10.41      22.21    0.99218
 4.68493e-01     0.65    0.63149    0.11504     3.85      0.09    36.56      2.34   2.48216       3     0.081    10.37      22.46    0.98599
 6.25710e-01     0.60    0.58535    0.14450     3.49      0.07    32.92      1.03   2.94206       3     0.076    10.33      22.87    0.97761
 8.13019e-01     0.55    0.54368    0.17619     4.12      0.09    27.22      1.55   2.84373       3     0.117    16.40      24.52    0.96730
 1.03514e+00     0.50    0.50172    0.20838     4.66      0.11    22.23      1.22   2.62944       4     0.090    10.08      22.88    0.95286
 1.29843e+00     0.45    0.46144    0.24404     5.08      0.13    19.24      1.02   2.60791       4     0.095    10.12      22.81    0.93300
 1.61168e+00     0.40    0.42536    0.27908     5.62      0.15    18.35      1.30   3.88027       5     0.103    10.15      23.33    0.91166
 1.98741e+00     0.35    0.38727    0.31843     7.02      0.21    17.35      1.18   2.46362       5     0.114     9.45      22.63    0.88626
 2.44416e+00     0.30    0.35420    0.35894     9.99      0.35    16.81      1.27   2.75776       7     0.237    15.20      37.20    0.85362
 3.01097e+00     0.25    0.32177    0.40225    11.56      0.44    15.36      1.26   2.49272       8     0.163     9.38      22.74    0.81955
 3.73696e+00     0.20    0.28901    0.44810    16.99      0.77    13.75      1.14   4.26735      11     0.231     9.30      29.39    0.77530
 4.71508e+00     0.15    0.25490    0.49276    17.45      0.80    15.22      1.03   2.31001      10     0.360    14.79      38.51    0.72493
 6.15604e+00     0.10    0.21536    0.50951    16.20      0.72    14.26      1.14   3.39691      10     0.338    14.72      38.73    0.64894
 8.74063e+00     0.05    0.16485    0.49591    43.36      3.13    15.28      1.28   1.77929      20     0.746    14.12      39.00    0.53340
