# system = He-gto
# path = examples/gwfn/He/HF/cc-pVQZ/CBCS/Slater
# vmc_method = 1
# steps per point = 100000
# Performing time-step optimization.
# electrons = 2
# optimized DTVMC = 2.15007e-01
#       dtvmc   target  acc_ratio  diffusion   corr_E  corr_err  corr_r2   corr_TD  variance  decorr  ms_indep  us_move  us_energy  move_frac
 1.85837e-03     0.95    0.94247    0.00172    69.69      6.38  1366.69    857.44   0.59615      31     0.589     7.02      28.44    0.99663
 7.46288e-03     0.90    0.88460    0.00631    24.48      1.33   210.38    148.27   0.50746      14     0.150     4.45      15.19    0.98615
 1.69033e-02     0.85    0.82804    0.01313     3.43      0.07   154.47     92.69   1.71405       3     0.039     4.58      14.25    0.97039
 3.03344e-02     0.80    0.77431    0.02143     7.81      0.24    98.00     57.81   0.55473       6     0.092     6.76      18.90    0.94890
 4.79846e-02     0.75    0.72527    0.03093     7.37      0.22    61.05     39.89   0.44413       6     0.059     4.20      14.72    0.92502
 7.01693e-02     0.70    0.67507    0.04094     5.06      0.13    47.33     33.89   0.50431       5     0.048     4.23      15.18    0.89529
 9.73105e-02     0.65    0.62684    0.05085     4.92      0.12    49.74     27.66   0.48434       4     0.060     5.93      16.59    0.86058
 1.29966e-01     0.60    0.58381    0.06179     4.07      0.09    39.89     24.59   0.54474       4     0.041     4.18      14.59    0.82748
 1.68872e-01     0.55    0.53936    0.07199     4.01      0.09    31.48     22.29   0.54789       4     0.040     3.99      14.58    0.78841
 2.15007e-01     0.50    0.49880    0.08209     3.14      0.06    29.13     21.26   1.01661       3     0.038     4.03      16.69    0.74934
 2.69696e-01     0.45    0.45671    0.09102     4.56      0.11    26.00     20.27   0.57548       4     0.045     4.24      15.33    0.70465
 3.34762e-01     0.40    0.41879    0.09950     9.37      0.32    24.18     19.19   0.91587       8     0.066     3.87      15.13    0.66195
 4.12805e-01     0.35    0.37787    0.10557     5.15      0.13    21.87     19.69   0.59946       5     0.071     5.78      24.86    0.61240
 5.07675e-01     0.30    0.34368    0.11417     5.90      0.16    19.16     20.04   0.43084       6     0.075     5.59      24.94    0.56920
 6.25407e-01     0.25    0.30639    0.11855    12.92      0.51    19.02     22.12   0.66471      10     0.124     5.55      25.12    0.51833
 7.76203e-01     0.20    0.26647    0.12111     7.37      0.22    19.76     25.80   0.70883       7     0.086     5.46      25.68    0.46183
 9.79366e-01     0.15    0.22879    0.12138    10.38      0.37    20.07     31.61   0.60592       8     0.070     3.60      17.17    0.40621
 1.27867e+00     0.10    0.19121    0.12340     9.40      0.32    25.15     45.16   1.59994       7     0.064     3.60      15.96    0.34450
 1.81551e+00     0.05    0.14380    0.11614    19.85      0.98    25.13     54.39   0.65161      13     0.109     3.55      17.16    0.26731
