# system = He-gto
# path = examples/gwfn/He/HF/cc-pVQZ/CBCS/Slater
# vmc_method = 4
# steps per point = 100000
# Performing time-step optimization.
# electrons = 2
# optimized DTVMC = 5.09002e-01
#       dtvmc   target  acc_ratio  diffusion   corr_E  corr_err  corr_r2   corr_TD  variance  decorr  ms_indep  us_move  us_energy  move_frac
 4.39945e-03     0.95    0.94539    0.00201   114.39     13.41   483.69    538.19   0.50095      38     0.640     5.02      14.28    0.99650
 1.76674e-02     0.90    0.89189    0.00724    32.80      2.06   275.25    163.35   0.47376      16     0.213     5.11      14.45    0.98818
 4.00163e-02     0.85    0.84101    0.01520    13.95      0.58   108.79     90.43   0.58002       9     0.105     5.04      14.20    0.97500
 7.18127e-02     0.80    0.79101    0.02574     8.75      0.28    65.62     52.46   0.54207       7     0.075     5.09      14.38    0.95554
 1.13597e-01     0.75    0.74111    0.03738     6.03      0.16    49.92     33.97   0.52961       5     0.058     4.97      15.03    0.93255
 1.66117e-01     0.70    0.68990    0.04956     4.81      0.12    34.81     25.68   0.52771       4     0.050     4.89      15.13    0.90391
 2.30370e-01     0.65    0.64494    0.06406     4.56      0.11    29.63     23.21   0.49529       4     0.064     6.55      19.25    0.87402
 3.07677e-01     0.60    0.59682    0.07850     3.68      0.08    24.55     18.91   0.53758       4     0.050     4.76      21.30    0.83766
 3.99782e-01     0.55    0.55131    0.09241     3.55      0.08    25.60     17.91   0.54390       4     0.064     7.25      23.73    0.79840
 5.09002e-01     0.50    0.50721    0.10567     3.42      0.07    21.36     17.86   0.48341       3     0.039     4.61      14.65    0.75791
 6.38470e-01     0.45    0.46260    0.11891     3.19      0.07    20.12     16.60   0.56936       3     0.051     5.34      23.11    0.71123
 7.92506e-01     0.40    0.41697    0.12881     3.58      0.08    18.27     16.91   0.48526       4     0.062     6.74      24.31    0.66059
 9.77261e-01     0.35    0.37202    0.13712     4.60      0.11    19.26     17.76   0.54710       4     0.046     4.52      14.83    0.60517
 1.20185e+00     0.30    0.32648    0.14080     5.24      0.13    18.38     20.06   0.51696       5     0.064     5.36      21.40    0.54529
 1.48057e+00     0.25    0.28299    0.14143     5.27      0.14    19.14     22.16   0.43783       5     0.051     4.34      17.17    0.48605
 1.83756e+00     0.20    0.24102    0.13776     6.43      0.18    21.95     28.14   0.57283       5     0.058     4.23      18.29    0.42465
 2.31852e+00     0.15    0.19726    0.12988    11.43      0.42    24.96     35.95   0.56224       8     0.081     4.14      16.32    0.35592
 3.02708e+00     0.10    0.15532    0.11889    13.03      0.52    30.64     47.40   0.47754       9     0.091     4.28      16.73    0.28600
 4.29799e+00     0.05    0.10665    0.09795    18.26      0.86    39.58     67.31   0.51784      12     0.121     4.15      21.38    0.20208
