# system = N-gto
# path = examples/gwfn/N/HF/cc-pVQZ/CBCS/Slater
# vmc_method = 1
# steps per point = 100000
# Performing time-step optimization.
# electrons = 7
# optimized DTVMC = 1.18654e-01
#       dtvmc   target  acc_ratio  diffusion   corr_E  corr_err  corr_r2   corr_TD  variance  decorr  ms_indep  us_move  us_energy  move_frac
 1.02556e-03     0.95    0.92614    0.00093    15.68      0.68  2752.17      3.75  11.84482       9     0.662    31.62      59.09    1.00000
 4.11847e-03     0.90    0.85734    0.00336     5.82      0.15   618.63      1.59  11.75732       4     0.304    30.85      59.16    1.00000
 9.32825e-03     0.85    0.79630    0.00688     5.28      0.14   378.09      1.71  10.33513       4     0.279    30.22      59.19    1.00000
 1.67403e-02     0.80    0.74133    0.01127     5.14      0.13   213.16      1.27   9.80345       4     0.167    18.62      35.16    1.00000
 2.64808e-02     0.75    0.69296    0.01640     5.47      0.14   147.92      1.27  10.42520       4     0.168    17.49      35.48    0.99991
 3.87237e-02     0.70    0.64862    0.02203     5.89      0.16    94.05      1.12  11.00144       5     0.177    17.44      35.51    0.99983
 5.37018e-02     0.65    0.60988    0.02831     7.93      0.25    80.07      1.16   9.36325       6     0.222    17.55      36.78    0.99956
 7.17230e-02     0.60    0.57356    0.03495     8.00      0.25    72.82      1.15  10.56399       6     0.357    28.02      59.57    0.99895
 9.31936e-02     0.55    0.53998    0.04210    12.25      0.47    62.39      1.04  11.75110       8     0.486    27.52      59.14    0.99821
 1.18654e-01     0.50    0.50586    0.04941    13.23      0.53    41.55      1.04  20.16619       8     0.511    27.20      59.21    0.99643
 1.48835e-01     0.45    0.47645    0.05747    14.30      0.60    38.27      1.29  12.96568       9     0.534    26.61      58.52    0.99429
 1.84742e-01     0.40    0.44863    0.06581    24.15      1.30    39.31      1.19  11.45520      12     0.499    16.15      35.91    0.99121
 2.27811e-01     0.35    0.41896    0.07442    25.95      1.45    30.91      1.00   8.93810      13     0.525    15.91      36.39    0.98503
 2.80166e-01     0.30    0.39128    0.08363    32.36      2.02    29.97      1.14  11.06919      15     0.633    15.88      35.77    0.97843
 3.45137e-01     0.25    0.36086    0.09239    37.28      2.50    26.46      1.00  10.62351      17     0.703    15.56      35.78    0.96741
 4.28356e-01     0.20    0.33015    0.10155    50.56      3.95    23.41      1.11   7.80372      20     1.509    25.52      57.45    0.95275
 5.40474e-01     0.15    0.29898    0.11204    64.71      5.71    21.88      1.15  10.56353      24     1.146    15.42      36.51    0.93091
 7.05646e-01     0.10    0.26168    0.12127    92.90      9.82    19.54      1.21   7.10057      31     1.619    15.64      36.15    0.89524
 1.00191e+00     0.05    0.21549    0.13085   380.00     81.16    19.97      1.12  14.46444      81     5.975    15.04      36.62    0.83181
