# system = N-gto
# path = examples/gwfn/N/HF/cc-pVQZ/CBCS/Slater
# vmc_method = 4
# steps per point = 100000
# Performing time-step optimization.
# electrons = 7
# optimized DTVMC = 1.11500e+00
#       dtvmc   target  acc_ratio  diffusion   corr_E  corr_err  corr_r2   corr_TD  variance  decorr  ms_indep  us_move  us_energy  move_frac
 9.63721e-03     0.95    0.94298    0.00138    50.50      3.93   820.30     12.40  11.19168      19     1.229    21.35      36.37    1.00000
 3.87013e-02     0.90    0.88709    0.00521    14.80      0.62   349.46      3.38  10.76145       8     0.672    34.03      59.82    1.00000
 8.76577e-02     0.85    0.83314    0.01073     8.26      0.26   137.57      2.92  10.60929       5     0.424    33.99      60.42    1.00000
 1.57309e-01     0.80    0.77820    0.01844     5.59      0.15    91.37      2.40  10.08767       5     0.231    21.29      59.57    0.99997
 2.48841e-01     0.75    0.72819    0.02694     4.00      0.09    58.10      1.16  10.74218       3     0.148    20.06      34.96    0.99997
 3.63887e-01     0.70    0.67821    0.03640     3.56      0.08    42.53      1.11  11.57065       3     0.135    19.62      35.83    0.99978
 5.04637e-01     0.65    0.63057    0.04655     3.54      0.08    36.88      1.21  10.23465       3     0.136    19.94      35.92    0.99913
 6.73982e-01     0.60    0.58252    0.05729     3.58      0.08    31.02      1.06   9.82280       3     0.136    19.52      35.83    0.99822
 8.75742e-01     0.55    0.53767    0.06768     4.23      0.10    26.55      1.01  12.58088       4     0.152    19.40      36.05    0.99628
 1.11500e+00     0.50    0.49529    0.07887     4.47      0.10    27.08      1.32  11.07687       4     0.228    26.31      59.33    0.99363
 1.39860e+00     0.45    0.45421    0.08990     6.79      0.19    21.12      1.02  11.50797       5     0.208    18.62      38.27    0.98770
 1.73602e+00     0.40    0.41525    0.10105     5.99      0.16    20.65      1.09  10.38023       5     0.327    32.21      63.66    0.97991
 2.14074e+00     0.35    0.37939    0.11268     7.50      0.22    19.68      1.12   8.72156       6     0.265    21.12      50.17    0.97025
 2.63272e+00     0.30    0.34127    0.12254    11.09      0.41    18.21      1.14  11.29260       7     0.469    28.94      60.31    0.95203
 3.24326e+00     0.25    0.30670    0.13345    12.48      0.48    19.70      1.03  10.02785       7     0.485    29.05      43.98    0.92916
 4.02526e+00     0.20    0.27005    0.14083    20.54      1.03    17.84      1.07  10.53371      10     0.731    28.40      46.56    0.89642
 5.07884e+00     0.15    0.23429    0.14833    26.65      1.51    18.54      1.13  15.43572      13     0.609    18.32      37.24    0.85338
 6.63096e+00     0.10    0.19411    0.15290    24.41      1.32    21.16      1.09   9.68176      12     0.542    17.28      39.74    0.78510
 9.41496e+00     0.05    0.14618    0.14495    30.55      1.86    23.02      1.02  12.05226      14     0.638    16.94      36.30    0.67057
