# system = Ne-gto
# path = examples/gwfn/Ne/HF/cc-pVQZ/CBCS/Slater
# vmc_method = 4
# steps per point = 100000
# Performing time-step optimization.
# electrons = 10
# optimized DTVMC = 1.12643e+00
#       dtvmc   target  acc_ratio  diffusion   corr_E  corr_err  corr_r2   corr_TD  variance  decorr  ms_indep  us_move  us_energy  move_frac
 9.73602e-03     0.95    0.94432    0.00072    52.31      4.15  1606.42      7.16  35.49021      18     2.017    34.18      52.84    1.00000
 3.90981e-02     0.90    0.88991    0.00268    14.41      0.60   262.04      4.28  36.67118       8     0.613    32.18      52.29    1.00000
 8.85564e-02     0.85    0.83560    0.00574     8.64      0.28   155.29      1.38  30.25033       5     0.408    32.55      50.77    1.00000
 1.58922e-01     0.80    0.78224    0.00959     5.47      0.14   111.27      1.89  32.20477       4     0.293    33.38      50.88    1.00000
 2.51392e-01     0.75    0.73094    0.01412     4.10      0.09    65.39      1.78  31.72865       3     0.229    30.51      53.44    1.00000
 3.67618e-01     0.70    0.68077    0.01901     3.77      0.08    52.56      1.03  29.48561       3     0.187    25.47      49.11    0.99999
 5.09811e-01     0.65    0.63322    0.02439     3.55      0.08    46.31      1.19  31.37752       3     0.218    33.41      52.65    0.99995
 6.80892e-01     0.60    0.58693    0.02991     4.38      0.10    35.59      1.07  32.48567       4     0.237    30.18      52.15    0.99987
 8.84721e-01     0.55    0.54139    0.03522     3.89      0.09    27.40      1.12  30.23308       3     0.207    28.63      50.39    0.99959
 1.12643e+00     0.50    0.49807    0.04097     3.57      0.08    27.24      1.10  32.74925       3     0.224    34.82      51.86    0.99916
 1.41294e+00     0.45    0.45635    0.04593     4.77      0.11    25.13      1.00  36.05530       4     0.245    29.39      51.66    0.99798
 1.75382e+00     0.40    0.41718    0.05146     6.05      0.16    24.28      1.20  32.49784       5     0.280    27.80      51.97    0.99626
 2.16269e+00     0.35    0.37821    0.05662     6.99      0.20    22.82      1.07  31.17454       5     0.321    29.28      51.88    0.99232
 2.65971e+00     0.30    0.34120    0.06152     7.91      0.25    19.91      1.01  29.61868       5     0.328    26.62      51.05    0.98544
 3.27651e+00     0.25    0.30567    0.06614     8.81      0.29    21.04      1.10  25.52031       6     0.363    27.28      52.12    0.97487
 4.06653e+00     0.20    0.26796    0.07024    11.09      0.41    20.41      1.09  27.77677       7     0.432    27.15      52.02    0.95551
 5.13091e+00     0.15    0.23089    0.07284    14.67      0.62    22.61      1.00  27.16677       8     0.538    26.79      53.62    0.92768
 6.69895e+00     0.10    0.19090    0.07386    16.48      0.73    21.07      1.18  26.15775       9     0.568    25.73      51.35    0.87712
 9.51149e+00     0.05    0.14327    0.07130    25.80      1.44    28.68      1.33  27.87812      12     0.822    25.45      51.56    0.78347
