# system = Ne-gto
# path = examples/gwfn/Ne/HF/cc-pVQZ/CBCS/Slater
# vmc_method = 1
# steps per point = 100000
# Performing time-step optimization.
# electrons = 10
# optimized DTVMC = 6.97862e-02
#       dtvmc   target  acc_ratio  diffusion   corr_E  corr_err  corr_r2   corr_TD  variance  decorr  ms_indep  us_move  us_energy  move_frac
 6.03181e-04     0.95    0.92699    0.00055    15.82      0.69  1521.96      2.97  46.88166       9     0.600    28.73      50.73    1.00000
 2.42227e-03     0.90    0.86098    0.00199     8.05      0.25   704.09      1.93  34.22722       5     0.357    29.21      51.76    1.00000
 5.48639e-03     0.85    0.80142    0.00409     6.01      0.16   354.34      1.73  32.14863       4     0.441    46.51      72.25    1.00000
 9.84579e-03     0.80    0.74740    0.00669     5.45      0.14   329.50      1.28  30.82014       4     0.387    44.28      66.82    1.00000
 1.55746e-02     0.75    0.69951    0.00973     5.58      0.15   150.44      1.26  30.92257       4     0.319    33.29      64.43    1.00000
 2.27752e-02     0.70    0.65424    0.01304     6.78      0.19   137.65      1.30  32.90740       5     0.355    31.78      65.28    0.99998
 3.15846e-02     0.65    0.61205    0.01658     7.65      0.23    98.14      1.07  28.39060       5     0.386    34.13      51.60    0.99998
 4.21837e-02     0.60    0.57488    0.02044     8.71      0.28    67.37      1.15  30.22653       6     0.329    24.36      50.91    0.99995
 5.48116e-02     0.55    0.53890    0.02446    12.41      0.48    63.49      1.09  31.82234       7     0.474    27.16      52.37    0.99977
 6.97862e-02     0.50    0.50393    0.02846    26.05      1.46    53.25      1.01  70.08974      13     0.839    25.72      52.80    0.99939
 8.75367e-02     0.45    0.47211    0.03276    10.91      0.40    42.93      1.08  28.63393       7     0.414    26.10      52.15    0.99902
 1.08656e-01     0.40    0.43916    0.03693    27.99      1.63    43.94      1.09  33.70132      13     0.893    25.79      52.13    0.99792
 1.33986e-01     0.35    0.40836    0.04143    34.39      2.21    38.08      1.06  28.75305      16     1.018    24.29      53.68    0.99601
 1.64779e-01     0.30    0.37613    0.04539    50.41      3.92    33.82      1.12  37.42152      20     1.484    25.35      52.69    0.99310
 2.02992e-01     0.25    0.34563    0.04993   113.75     13.29    28.13      1.05  34.68793      35     2.975    23.86      52.54    0.98783
 2.51936e-01     0.20    0.31343    0.05410    33.93      2.17    25.70      1.07  23.55765      16     0.983    23.67      53.55    0.98060
 3.17879e-01     0.15    0.27871    0.05806   113.32     13.22    22.83      1.18 113.25367      34     3.070    24.79      51.75    0.96538
 4.15024e-01     0.10    0.24241    0.06230    55.80      4.57    21.52      1.18  27.20638      21     1.592    24.79      51.57    0.94166
 5.89271e-01     0.05    0.19599    0.06583    70.08      6.43    23.52      1.28  25.81620      26     1.776    22.19      53.22    0.89059
