Si, fhi98PP : LDA PerdewWang, l=2 local
 Atomic number and pseudo-charge
         14      4.00000000
 Energy units (rydberg/hartree/ev):
 rydberg
 Angular momentum of local component (0=s,1=p,2=d..) for DFT and QMC
          2          2
 NLRULE override (1) VMC/DMC (2) config gen (0 ==> input/default value)
 0 0
 Number of grid points
        496
 R(i) in atomic units
   0.0000000000000000     
   4.4642857142857001E-004
   4.5745535714285999E-004
   4.6875450446428999E-004
   4.8033274072454998E-004
   4.9219695942044996E-004
   5.0435422431813995E-004
   5.1681177365878997E-004
   5.2957702446817005E-004
   5.4265757697252997E-004
   5.5606121912375002E-004
   5.6979593123611004E-004
   5.8386989073763999E-004
   5.9829147703885995E-004
   6.1306927652171996E-004
   6.2821208765180005E-004
   6.4372892621679997E-004
   6.5962903069436004E-004
   6.7592186775251005E-004
   6.9261713788600001E-004
   7.0972478119178000E-004
   7.2725498328721997E-004
   7.4521818137441003E-004
   7.6362507045435999E-004
   7.8248660969457997E-004
   8.0181402895403999E-004
   8.2161883546919999E-004
   8.4191282070528997E-004
   8.6270806737671001E-004
   8.8401695664091996E-004
   9.0585217546995005E-004
   9.2822672420405999E-004
   9.5115392429190001E-004
   9.7464742622191001E-004
   9.9872121764958991E-004
   1.0233896317255000E-003
   1.0486673556292000E-003
   1.0745694393132000E-003
   1.1011113044642000E-003
   1.1283087536845000E-003
   1.1561779799004999E-003
   1.1847355760040001E-003
   1.2139985447313000E-003
   1.2439843087862000E-003
   1.2747107212131999E-003
   1.3061960760272001E-003
   1.3384591191051001E-003
   1.3715190593470001E-003
   1.4053955801128001E-003
   1.4401088509416000E-003
   1.4756795395598999E-003
   1.5121288241870001E-003
   1.5494784061444000E-003
   1.5877505227761999E-003
   1.6269679606888000E-003
   1.6671540693178001E-003
   1.7083327748299000E-003
   1.7505285943681999E-003
   1.7937666506490999E-003
   1.8380726869201001E-003
   1.8834730822871000E-003
   1.9299948674196001E-003
   1.9776657406447998E-003
   2.0265140844387998E-003
   2.0765689823244002E-003
   2.1278602361877999E-003
   2.1804183840216000E-003
   2.2342747181070001E-003
   2.2894613036442001E-003
   2.3460109978442000E-003
   2.4039574694909999E-003
   2.4633352189873999E-003
   2.5241795988964000E-003
   2.5865268349891000E-003
   2.6504140478134002E-003
   2.7158792747943999E-003
   2.7829614928818001E-003
   2.8517006417559999E-003
   2.9221376476072998E-003
   2.9943144475032000E-003
   3.0682740143565999E-003
   3.1440603825112000E-003
   3.2217186739591998E-003
   3.3012951252060002E-003
   3.3828371147986000E-003
   3.4663931915341001E-003
   3.5520131033649999E-003
   3.6397478270180999E-003
   3.7296495983455001E-003
   3.8217719434246000E-003
   3.9161697104272003E-003
   4.0128991022747003E-003
   4.1120177101008999E-003
   4.2135845475404004E-003
   4.3176600858647000E-003
   4.4243062899855003E-003
   4.5335866553482002E-003
   4.6455662457352996E-003
   4.7603117320049000E-003
   4.8778914317853996E-003
   4.9983753501505000E-003
   5.1218352212993000E-003
   5.2483445512653999E-003
   5.3779786616816004E-003
   5.5108147346250996E-003
   5.6469318585703997E-003
   5.7864110754771002E-003
   5.9293354290413996E-003
   6.0757900141386999E-003
   6.2258620274879004E-003
   6.3796408195669002E-003
   6.5372179478101998E-003
   6.6986872311210997E-003
   6.8641448057297997E-003
   7.0336891824313002E-003
   7.2074213052373002E-003
   7.3854446114766997E-003
   7.5678650933802003E-003
   7.7547913611866999E-003
   7.9463347078080008E-003
   8.1426091750907998E-003
   8.3437316217155992E-003
   8.5498217927718993E-003
   8.7610023910534001E-003
   8.9773991501124004E-003
   9.1991409091202007E-003
   9.4263596895754996E-003
   9.6591907739080000E-003
   9.8977727860235006E-003
   1.0142247773838001E-002
   1.0392761293852000E-002
   1.0649462497810000E-002
   1.0912504221505999E-002
   1.1182043075777000E-002
   1.1458239539748999E-002
   1.1741258056381000E-002
   1.2031267130373001E-002
   1.2328439428494001E-002
   1.2632951882376999E-002
   1.2944985793872000E-002
   1.3264726942981000E-002
   1.3592365698471999E-002
   1.3928097131225000E-002
   1.4272121130366000E-002
   1.4624642522285999E-002
   1.4985871192586001E-002
   1.5356022211042999E-002
   1.5735315959656000E-002
   1.6123978263860000E-002
   1.6522240526977001E-002
   1.6930339867993000E-002
   1.7348519262732998E-002
   1.7777027688522001E-002
   1.8216120272428998E-002
   1.8666058443157999E-002
   1.9127110086704001E-002
   1.9599549705845001E-002
   2.0083658583580001E-002
   2.0579724950594000E-002
   2.1088044156874000E-002
   2.1608918847549001E-002
   2.2142659143082999E-002
   2.2689582823917000E-002
   2.3250015519667998E-002
   2.3824290903003999E-002
   2.4412750888308000E-002
   2.5015745835249001E-002
   2.5633634757380001E-002
   2.6266785535886999E-002
   2.6915575138622999E-002
   2.7580389844546999E-002
   2.8261625473707998E-002
   2.8959687622908001E-002
   2.9674991907194002E-002
   3.0407964207302001E-002
   3.1159040923222001E-002
   3.1928669234026000E-002
   3.2717307364106003E-002
   3.3525424855999998E-002
   3.4353502849942999E-002
   3.5202034370335998E-002
   3.6071524619284000E-002
   3.6962491277380001E-002
   3.7875464811930999E-002
   3.8810988792786001E-002
   3.9769620215967999E-002
   4.0751929835302000E-002
   4.1758502502234000E-002
   4.2789937514038999E-002
   4.3846848970636003E-002
   4.4929866140211001E-002
   4.6039633833874001E-002
   4.7176812789570997E-002
   4.8342080065472998E-002
   4.9536129443090000E-002
   5.0759671840335002E-002
   5.2013435734791003E-002
   5.3298167597440001E-002
   5.4614632337096999E-002
   5.5963613755822997E-002
   5.7345915015591997E-002
   5.8762359116477002E-002
   6.0213789386653997E-002
   6.1701069984505003E-002
   6.3225086413121995E-002
   6.4786746047526003E-002
   6.6386978674899996E-002
   6.8026737048170000E-002
   6.9706997453260006E-002
   7.1428760290354998E-002
   7.3193050669526999E-002
   7.5000919021063997E-002
   7.6853441720884999E-002
   7.8751721731390001E-002
   8.0696889258156004E-002
   8.2690102422831993E-002
   8.4732547952675999E-002
   8.6825441887107002E-002
   8.8970030301719003E-002
   9.1167590050170999E-002
   9.3419429524410000E-002
   9.5726889433663004E-002
   9.8091343602675005E-002
  0.10051419978966000     
  0.10299690052447000     
  0.10554092396742000     
  0.10814778478942000     
  0.11081903507371001     
  0.11355626524003000     
  0.11636110499146000     
  0.11923522428475000     
  0.12218033432459000     
  0.12519818858240001     
  0.12829058384038999     
  0.13145936126124999     
  0.13470640748439999     
  0.13803365574925999     
  0.14144308704627001     
  0.14493673129630999     
  0.14851666855932999     
  0.15218503027274999     
  0.15594400052047999     
  0.15979581733334000     
  0.16374277402147000     
  0.16778722053980000     
  0.17193156488714001     
  0.17617827453984999     
  0.18052987792097999     
  0.18498896590562999     
  0.18955819336349999     
  0.19424028073958000     
  0.19903801567384999     
  0.20395425466098999     
  0.20899192475112000     
  0.21415402529246999     
  0.21944362971719000     
  0.22486388737120999     
  0.23041802538928000     
  0.23610935061638999     
  0.24194125157662000     
  0.24791720049056001     
  0.25404075534268000     
  0.26031556199964001     
  0.26674535638102997     
  0.27333396668364002     
  0.28008531566073003     
  0.28700342295754999     
  0.29409240750459997     
  0.30135648996997000     
  0.30879999527222002     
  0.31642735515545001     
  0.32424311082779000     
  0.33225191566522999     
  0.34045853798216003     
  0.34886786387031998     
  0.35748490010792000     
  0.36631477714059002     
  0.37536275213595999     
  0.38463421211372001     
  0.39413467715292999     
  0.40386980367859998     
  0.41384538782946001     
  0.42406736890885000     
  0.43454183292089998     
  0.44527501619405002     
  0.45627330909404001     
  0.46754325982866002     
  0.47909157834643001     
  0.49092514033159002     
  0.50305099129777997     
  0.51547635078283005     
  0.52820861664717000     
  0.54125536947834996     
  0.55462437710446999     
  0.56832359921895004     
  0.58236119211965998     
  0.59674551356501004     
  0.61148512775007002     
  0.62658881040549996     
  0.64206555402250998     
  0.65792457320687003     
  0.67417531016508003     
  0.69082744032614996     
  0.70789087810220996     
  0.72537578279132997     
  0.74329256462628002     
  0.76165189097255004     
  0.78046469267956997     
  0.79974217058875996     
  0.81949580220230001     
  0.83973734851670001     
  0.86047886102505999     
  0.88173268889237999     
  0.90351148630802003     
  0.92582822001983001     
  0.94869617705431997     
  0.97212897262756004     
  0.99614055825145997     
   1.0207452300402999     
   1.0459576372223001     
   1.0717927908617000     
   1.0982660727958999     
   1.1253932447940000     
   1.1531904579404000     
   1.1816742622515000     
   1.2108616165291000     
   1.2407698984574000     
   1.2714169149493000     
   1.3028209127485999     
   1.3350005892935000     
   1.3679751038490000     
   1.4017640889141001     
   1.4363876619103000     
   1.4718664371593999     
   1.5082215381573001     
   1.5454746101498000     
   1.5836478330204999     
   1.6227639344961000     
   1.6628462036781000     
   1.7039185049090000     
   1.7460052919802000     
   1.7891316226920999     
   1.8333231737725999     
   1.8786062561648000     
   1.9250078306920999     
   1.9725555241102000     
   2.0212776455557000     
   2.0712032034008998     
   2.1223619225249002     
   2.1747842620113000     
   2.2285014332830002     
   2.2835454186851001     
   2.3399489905266000     
   2.3977457305926002     
   2.4569700501381999     
   2.5176572103766000     
   2.5798433434728998     
   2.6435654740566998     
   2.7088615412658998     
   2.7757704213352001     
   2.8443319507422000     
   2.9145869499254999     
   2.9865772475886998     
   3.0603457056040999     
   3.1359362445325001     
   3.2133938697725002     
   3.2927646983557999     
   3.3740959864051998     
   3.4574361572694001     
   3.5428348303539998     
   3.6303428506637001     
   3.7200123190751002     
   3.8118966233562999     
   3.9060504699531999     
   4.0025299165610004     
   4.1013924055000999     
   4.2026967979159000     
   4.3065034088244998     
   4.4128740430224003     
   4.5218720318851000     
   4.6335622710726003     
   4.7480112591681003     
   4.8652871372695996     
   4.9854597295602003     
   5.1086005848802998     
   5.2347830193267999     
   5.3640821599041999     
   5.4965749892537996     
   5.6323403914884000     
   5.7714591991582003     
   5.9140142413773997     
   6.0600903931393999     
   6.2097746258499003     
   6.3631560591084000     
   6.5203260137683996     
   6.6813780663084996     
   6.8464081045462999     
   7.0155143847285997     
   7.1887975900313998     
   7.3663608905051996     
   7.5483100045007001     
   7.7347532616118002     
   7.9258016671735998     
   8.1215689683528005     
   8.3221717218711007     
   8.5277293634012992     
   8.7383642786774001     
   8.9542018763607008     
   9.1753706627068006     
   9.4020023180757004     
   9.6342317753321005     
   9.8721973001827994     
   10.116040573496999     
   10.365906775662999     
   10.621944673022000     
   10.884306706445001     
   11.153149082094000     
   11.428631864422000     
   11.710919071473000     
   12.000178772539000     
   12.296583188220000     
   12.600308792970001     
   12.911536420156001     
   13.230451369734000     
   13.557243518566001     
   13.892107433474999     
   14.235242487081999     
   14.586852976512001     
   14.947148245032000     
   15.316342806685000     
   15.694656474009999     
   16.082314488918001     
   16.479547656794001     
   16.886592483916999     
   17.303691318270001     
   17.731092493831000     
   18.169050478428002     
   18.617826025246000     
   19.077686328068999     
   19.548905180373001     
   20.031763138327999     
   20.526547687844001     
   21.033553415734001     
   21.553082185103001     
   22.085443315075000     
   22.630953764956999     
   23.189938322951999     
   23.762729799529001     
   24.349669225576999     
   24.951106055448999     
   25.567398375018001     
   26.198913114881002     
   26.846026268818999     
   27.509123117659001     
   28.188598458664998     
   28.884856840594001     
   29.598312804555999     
   30.329391130828999     
   31.078527091760002     
   31.846166710927001     
   32.632767028686999     
   33.438796374295002     
   34.264734644740003     
   35.111073590465999     
   35.978317108150002     
   36.866981540721000     
   37.777595984777001     
   38.710702605601000     
   39.666856959960000     
   40.646628326870001     
   41.650600046544000     
   42.679369867694000     
   43.733550303426000     
   44.813768995920000     
   45.920669090120001     
   47.054909616646000     
   48.217165884177000     
   49.408129881515997     
   50.628510689589000     
   51.879034903621999     
   53.160447065741998     
   54.473510108265998     
   55.819005807940002     
   57.197735251395997     
   58.610519312104998     
   60.058199139114002     
   61.541636657849999     
   63.061715083298999     
   64.619339445856994     
   66.215437130168993     
   67.850958427284993     
   69.526877100438995     
   71.244190964818998     
   73.003922481649994     
   74.807119366947006     
   76.654855215311002     
 r*potential (L=0) in rydberg
   0.0000000000000000     
  -7.7128338370071182E-004
  -7.9033416960536910E-004
  -8.0985550976308326E-004
  -8.2985902685186747E-004
  -8.5035663062895577E-004
  -8.7136052502158595E-004
  -8.9288321539290590E-004
  -9.1493751598749687E-004
  -9.3753655756043022E-004
  -9.6069379519518226E-004
  -9.8442301631436360E-004
  -1.0087383488883769E-003
  -1.0336542698468397E-003
  -1.0591856136978040E-003
  -1.0853475813597062E-003
  -1.1121557492116958E-003
  -1.1396260783672219E-003
  -1.1677749241768690E-003
  -1.1966190459658610E-003
  -1.2261756170119783E-003
  -1.2564622347700234E-003
  -1.2874969313487609E-003
  -1.3192981842466277E-003
  -1.3518849273525396E-003
  -1.3852765622186106E-003
  -1.4194929696109014E-003
  -1.4545545213459235E-003
  -1.4904820924190731E-003
  -1.5272970734328609E-003
  -1.5650213833319096E-003
  -1.6036774824526928E-003
  -1.6432883858953581E-003
  -1.6838776772259388E-003
  -1.7254695225168602E-003
  -1.7680886847342842E-003
  -1.8117605384810782E-003
  -1.8565110851026328E-003
  -1.9023669681678915E-003
  -1.9493554893308836E-003
  -1.9975046245842600E-003
  -2.0468430409151177E-003
  -2.0974001133716069E-003
  -2.1492059425505458E-003
  -2.2022913725174612E-003
  -2.2566880091695919E-003
  -2.3124282390510325E-003
  -2.3695452486338672E-003
  -2.4280730440746534E-003
  -2.4880464714593848E-003
  -2.5495012375473867E-003
  -2.6124739310283062E-003
  -2.6770020443041805E-003
  -2.7431239958085512E-003
  -2.8108791528770305E-003
  -2.8803078551828706E-003
  -2.9514514387511135E-003
  -3.0243522605654552E-003
  -3.0990537237826285E-003
  -3.1756003035696557E-003
  -3.2540375735791564E-003
  -3.3344122330772556E-003
  -3.4167721347429197E-003
  -3.5011663131526141E-003
  -3.5876450139673997E-003
  -3.6762597238429126E-003
  -3.7670632010751112E-003
  -3.8601095070046935E-003
  -3.9554540381947067E-003
  -4.0531535594047156E-003
  -4.1532662373771423E-003
  -4.2558516754577901E-003
  -4.3609709490721477E-003
  -4.4686866420754947E-003
  -4.5790628840018119E-003
  -4.6921653882303236E-003
  -4.8080614910955667E-003
  -4.9268201919615362E-003
  -5.0485121942847712E-003
  -5.1732099476915839E-003
  -5.3009876910920743E-003
  -5.4319214968586420E-003
  -5.5660893160949286E-003
  -5.7035710250209204E-003
  -5.8444484725017473E-003
  -5.9888055287499907E-003
  -6.1367281352288534E-003
  -6.2883043557853992E-003
  -6.4436244290458434E-003
  -6.6027808221018822E-003
  -6.7658682855219528E-003
  -6.9329839097174179E-003
  -7.1042271826999319E-003
  -7.2797000492606815E-003
  -7.4595069716100939E-003
  -7.6437549915106106E-003
  -7.8325537939420171E-003
  -8.0260157723338141E-003
  -8.2242560954061683E-003
  -8.4273927756568588E-003
  -8.6355467395346254E-003
  -8.8488418993416754E-003
  -9.0674052269052747E-003
  -9.2913668290648468E-003
  -9.5208600250164047E-003
  -9.7560214255596692E-003
  -9.9969910142963508E-003
  -1.0243912230826154E-002
  -1.0496932055988480E-002
  -1.0756201099200799E-002
  -1.1021873687944597E-002
  -1.1294107959450484E-002
  -1.1573065954636863E-002
  -1.1858913714357168E-002
  -1.2151821378009650E-002
  -1.2451963284570442E-002
  -1.2759518076105928E-002
  -1.3074668803824749E-002
  -1.3397603036733470E-002
  -1.3728512972955515E-002
  -1.4067595553779512E-002
  -1.4415052580504132E-002
  -1.4771090834141966E-002
  -1.5135922198059775E-002
  -1.5509763783614997E-002
  -1.5892838058871015E-002
  -1.6285372980457100E-002
  -1.6687602128652168E-002
  -1.7099764845769444E-002
  -1.7522106377918664E-002
  -1.7954878020230193E-002
  -1.8398337265615079E-002
  -1.8852747957159761E-002
  -1.9318380444223012E-002
  -1.9795511742341239E-002
  -2.0284425697013834E-002
  -2.0785413151475814E-002
  -2.1298772118547863E-002
  -2.1824807956637007E-002
  -2.2363833550036918E-002
  -2.2916169493557861E-002
  -2.3482144281650814E-002
  -2.4062094502098157E-002
  -2.4656365034364205E-002
  -2.5265309252757186E-002
  -2.5889289234461280E-002
  -2.6528675972590676E-002
  -2.7183849594351110E-002
  -2.7855199584446402E-002
  -2.8543125013831751E-002
  -2.9248034773948217E-002
  -2.9970347816548053E-002
  -3.0710493399234023E-002
  -3.1468911336867487E-002
  -3.2246052258922735E-002
  -3.3042377872974628E-002
  -3.3858361234405582E-002
  -3.4694487022501552E-002
  -3.5551251823039823E-002
  -3.6429164417549627E-002
  -3.7328746079338442E-002
  -3.8250530876467584E-002
  -3.9195065981797818E-002
  -4.0162911990256150E-002
  -4.1154643243470672E-002
  -4.2170848161933026E-002
  -4.3212129584823185E-002
  -4.4279105117661789E-002
  -4.5372407487931664E-002
  -4.6492684908842237E-002
  -4.7640601451371938E-002
  -4.8816837424761068E-002
  -5.0022089765600471E-002
  -5.1257072435701864E-002
  -5.2522516828868798E-002
  -5.3819172186763548E-002
  -5.5147806024028738E-002
  -5.6509204562793708E-002
  -5.7904173176781225E-002
  -5.9333536845118037E-002
  -6.0798140616072367E-002
  -6.2298850080836583E-002
  -6.3836551857532356E-002
  -6.5412154085626686E-002
  -6.7026586930885507E-002
  -6.8680803101060478E-002
  -7.0375778372463588E-002
  -7.2112512127605707E-002
  -7.3892027904050722E-002
  -7.5715373954690898E-002
  -7.7583623819579450E-002
  -7.9497876909529266E-002
  -8.1459259101652179E-002
  -8.3468923347014487E-002
  -8.5528050290632110E-002
  -8.7637848903980103E-002
  -8.9799557130254670E-002
  -9.2014442542620964E-002
  -9.4283803015664885E-002
  -9.6608967410345234E-002
  -9.8991296272730026E-002
 -0.10143218254681131     
 -0.10393305230179607     
 -0.10649536547422811     
 -0.10912061662538951     
 -0.11181033571450760     
 -0.11456608888829606     
 -0.11738947928749334     
 -0.12028214787112701     
 -0.12324577425934852     
 -0.12628207759581045     
 -0.12939281743066408     
 -0.13257979462551703     
 -0.13584485228174162     
 -0.13918987669392133     
 -0.14261679833030494     
 -0.14612759284260246     
 -0.14972428210765001     
 -0.15340893530401009     
 -0.15718367002689915     
 -0.16105065344546299     
 -0.16501210350693257     
 -0.16907029019295036     
 -0.17322753683408226     
 -0.17748622148948198     
 -0.18184877839957347     
 -0.18631769952109511     
 -0.19089553615456398     
 -0.19558490067666012     
 -0.20038846839062466     
 -0.20530897951078228     
 -0.21034924129883106     
 -0.21551213037224731     
 -0.22080059520830833     
 -0.22621765886979212     
 -0.23176642198299635     
 -0.23745006600213114     
 -0.24327185679920943     
 -0.24923514862375137     
 -0.25534338848294058     
 -0.26160012099909763     
 -0.26800899380962023     
 -0.27457376358294960     
 -0.28129830273355078     
 -0.28818660693072945     
 -0.29524280350751930     
 -0.30247116089050852     
 -0.30987609918692860     
 -0.31746220208268239     
 -0.32523423022507353     
 -0.33319713628604741     
 -0.34135608192643713     
 -0.34971645690966974     
 -0.35828390064445542     
 -0.36706432647062165     
 -0.37606394904139073     
 -0.38528931519825749     
 -0.39474733878327917     
 -0.40444533988721121     
 -0.41439108909145378     
 -0.42459285732819307     
 -0.43505947205684031     
 -0.44580038053557541     
 -0.45682572105748126     
 -0.46814640311896760     
 -0.47977419759799106     
 -0.49172183813868459     
 -0.50400313507061056     
 -0.51663310333353929     
 -0.52962810603477739     
 -0.54300601543524563     
 -0.55678639334226809     
 -0.57099069308441208     
 -0.58564248545237452     
 -0.60076771121313544     
 -0.61639496303950070     
 -0.63255579994167788     
 -0.64928509754076280     
 -0.66662143778099059     
 -0.68460754193396156     
 -0.70329075099787386     
 -0.72272355782854270     
 -0.74296419554630699     
 -0.76407728692998822     
 -0.78613455961783396     
 -0.80921563196301771     
 -0.83340887431206345     
 -0.85881235025182079     
 -0.88553484196541665     
 -0.91369696319633109     
 -0.94343236238353922     
 -0.97488901722310894     
  -1.0082306201470164     
  -1.0436380518816262     
  -1.0813109372346441     
  -1.1214692734173615     
  -1.1643551163724055     
  -1.2102343045594248     
  -1.2593981922379123     
  -1.3121653552460331     
  -1.3688832213497921     
  -1.4299295641602447     
  -1.4957137841183059     
  -1.5666778818574194     
  -1.6432970081520335     
  -1.7260794504682140     
  -1.8155658887969346     
  -1.9123277230685831     
  -2.0169642413496986     
  -2.1300983628862973     
  -2.2523706539996757     
  -2.3844312795587830     
  -2.5269295207546691     
  -2.6805004646083637     
  -2.8457484566962874     
  -3.0232269120088957     
  -3.2134141073266038     
  -3.4166846414602183     
  -3.6332763584538008     
  -3.8632526965203171     
  -4.1064606665908494     
  -4.3624849942195549     
  -4.6305993920448616     
  -4.9097164795577237     
  -5.1983385400915694     
  -5.4945121004775093     
  -5.7957902221027933     
  -6.0992073693352964     
  -6.4012727129000542     
  -6.6979886397039063     
  -6.9849019458832853     
  -7.2571955122528626     
  -7.5098279821644454     
  -7.7377278214675460     
  -7.9360458470797335     
  -8.1004665534312394     
  -8.2275730242292440     
  -8.3152525553011198     
  -8.3631199382729147     
  -8.3729220898618024     
  -8.3488703589185587     
  -8.2978235662279261     
  -8.2292123570699438     
  -8.1545483584283360     
  -8.0862918219809767     
  -8.0357482298432554     
  -8.0095160707197834     
  -8.0038052734885170     
  -8.0029724246833620     
  -8.0023107136365876     
  -8.0017874553835373     
  -8.0013756839365637     
  -8.0010532565920851     
  -8.0008020781059912     
  -8.0006074327854062     
  -8.0004574127692525     
  -8.0003424313304770     
  -8.0002548107695386     
  -8.0001884353211583     
  -8.0001384603699890     
  -8.0001010701490465     
  -8.0000732769450931     
  -8.0000527556284293     
  -8.0000377080735277     
  -8.0000267527389823     
  -8.0000188352737673     
  -8.0000131566069665     
  -8.0000091154863959     
  -8.0000062628589745     
  -8.0000042659158233     
  -8.0000028799557228     
  -8.0000019265392801     
  -8.0000012766437631     
  -8.0000008378003358     
  -8.0000005443346858     
  -8.0000003500417964     
  -8.0000002227267970     
  -8.0000001401820153     
  -8.0000000872455121     
  -8.0000000536771694     
  -8.0000000326353664     
  -8.0000000196018970     
  -8.0000000116272876     
  -8.0000000068088717     
  -8.0000000039348134     
  -8.0000000022432456     
  -8.0000000012612649     
  -8.0000000006990142     
  -8.0000000003818084     
  -8.0000000002054374     
  -8.0000000001088178     
  -8.0000000000566924     
  -8.0000000000289582     
  -8.0000000000145217     
  -8.0000000000071125     
  -8.0000000000033680     
  -8.0000000000015525     
  -8.0000000000006537     
  -8.0000000000001474     
  -8.0000000000000639     
  -7.9999999999999387     
  -7.9999999999997815     
  -7.9999999999997460     
  -7.9999999999997327     
  -7.9999999999998597     
  -7.9999999999997833     
  -7.9999999999998082     
  -7.9999999999997717     
  -7.9999999999998410     
  -7.9999999999998739     
  -7.9999999999998819     
  -7.9999999999999254     
  -7.9999999999995355     
  -8.0000000000001137     
  -8.0000000000001261     
  -7.9999999999996820     
  -7.9999999999995435     
  -7.9999999999999147     
  -7.9999999999996607     
  -8.0000000000001990     
  -7.9999999999995701     
  -8.0000000000002078     
  -8.0000000000001616     
  -8.0000000000002647     
  -7.9999999999998632     
  -8.0000000000000817     
  -8.0000000000003393     
  -7.9999999999996767     
  -7.9999999999999565     
  -8.0000000000003197     
  -8.0000000000000231     
  -8.0000000000001705     
  -8.0000000000001190     
  -8.0000000000002380     
  -8.0000000000002967     
  -7.9999999999999751     
  -7.9999999999996572     
  -8.0000000000001048     
  -8.0000000000000817     
  -8.0000000000001350     
  -8.0000000000001918     
  -7.9999999999999529     
  -7.9999999999999059     
  -8.0000000000001865     
  -8.0000000000000497     
  -7.9999999999999760     
  -8.0000000000000071     
  -8.0000000000003979     
  -8.0000000000002416     
  -8.0000000000003801     
  -7.9999999999998215     
  -7.9999999999998916     
  -7.9999999999999254     
  -8.0000000000000000     
  -8.0000000000002771     
  -8.0000000000001403     
  -7.9999999999997220     
  -7.9999999999997833     
  -8.0000000000000515     
  -7.9999999999999583     
  -8.0000000000001048     
  -7.9999999999996962     
  -7.9999999999998685     
  -7.9999999999999707     
  -8.0000000000000782     
  -8.0000000000003126     
  -7.9999999999997140     
  -7.9999999999999849     
  -7.9999999999999947     
  -7.9999999999999183     
  -7.9999999999999494     
  -8.0000000000000533     
  -8.0000000000000266     
  -7.9999999999999067     
  -8.0000000000000480     
  -8.0000000000000604     
  -8.0000000000000213     
  -8.0000000000000586     
  -7.9999999999999574     
  -7.9999999999999609     
  -8.0000000000000409     
  -8.0000000000000320     
  -8.0000000000000107     
  -8.0000000000000515     
  -8.0000000000000213     
  -8.0000000000000266     
  -7.9999999999999387     
  -8.0000000000000000     
  -8.0000000000000160     
  -8.0000000000000266     
  -8.0000000000000000     
  -8.0000000000001048     
  -7.9999999999999556     
  -8.0000000000000355     
  -7.9999999999999316     
  -8.0000000000000853     
 r*potential (L=1) in rydberg
   0.0000000000000000     
   3.9859693877550768E-007
  -2.4750526012839260E-003
  -2.5361864867041620E-003
  -2.5988303789233327E-003
  -2.6630215750966094E-003
  -2.7287982936175679E-003
  -2.7961996968732306E-003
  -2.8652659145603516E-003
  -2.9360380675780527E-003
  -3.0085582925102128E-003
  -3.0828697667130080E-003
  -3.1590167340218842E-003
  -3.2370445310931696E-003
  -3.3169996143968083E-003
  -3.3989295878760276E-003
  -3.4828832312889207E-003
  -3.5689105292517204E-003
  -3.6570627009981710E-003
  -3.7473922308745495E-003
  -3.8399528995879525E-003
  -3.9347998162256211E-003
  -4.0319894510661173E-003
  -4.1315796692010095E-003
  -4.2336297649851751E-003
  -4.3382004973406586E-003
  -4.4453541259303307E-003
  -4.5551544482263619E-003
  -4.6676668374933524E-003
  -4.7829582817104418E-003
  -4.9010974234536906E-003
  -5.0221546007653594E-003
  -5.1462018890302517E-003
  -5.2733131438879137E-003
  -5.4035640452051812E-003
  -5.5370321421325920E-003
  -5.6737968992770834E-003
  -5.8139397440097398E-003
  -5.9575441149494974E-003
  -6.1046955116378044E-003
  -6.2554815454416270E-003
  -6.4099919917168183E-003
  -6.5683188432573867E-003
  -6.7305563650640176E-003
  -6.8968011504661544E-003
  -7.0671521786327511E-003
  -7.2417108734989383E-003
  -7.4205811641514709E-003
  -7.6038695467037917E-003
  -7.7916851477021314E-003
  -7.9841397890917723E-003
  -8.1813480547936433E-003
  -8.3834273589241271E-003
  -8.5904980156973204E-003
  -8.8026833110542591E-003
  -9.0201095760638252E-003
  -9.2429062621340249E-003
  -9.4712060180818670E-003
  -9.7051447691049800E-003
  -9.9448617977062406E-003
  -1.0190499826615082E-002
  -1.0442205103756716E-002
  -1.0700127489320251E-002
  -1.0964420544979807E-002
  -1.1235241625310824E-002
  -1.1512751971475494E-002
  -1.1797116807211733E-002
  -1.2088505437199058E-002
  -1.2387091347848872E-002
  -1.2693052310589604E-002
  -1.3006570487696668E-002
  -1.3327832540737147E-002
  -1.3657029741698554E-002
  -1.3994358086850239E-002
  -1.4340018413430041E-002
  -1.4694216519198638E-002
  -1.5057163284956807E-002
  -1.5429074800083939E-002
  -1.5810172491174401E-002
  -1.6200683253853723E-002
  -1.6600839587848564E-002
  -1.7010879735388021E-002
  -1.7431047823028897E-002
  -1.7861594006978010E-002
  -1.8302774622002735E-002
  -1.8754852334017729E-002
  -1.9218096296445435E-002
  -1.9692782310423460E-002
  -2.0179192988983442E-002
  -2.0677617925265273E-002
  -2.1188353864902473E-002
  -2.1711704882647929E-002
  -2.2247982563367623E-002
  -2.2797506187498189E-002
  -2.3360602921086018E-002
  -2.3937608010513114E-002
  -2.4528864982034531E-002
  -2.5134725846230072E-002
  -2.5755551307515070E-002
  -2.6391710978812408E-002
  -2.7043583601526672E-002
  -2.7711557270941711E-002
  -2.8396029667185938E-002
  -2.9097408291893015E-002
  -2.9816110710702861E-002
  -3.0552564801744526E-002
  -3.1307209010247153E-002
  -3.2080492609440917E-002
  -3.2872875967879460E-002
  -3.3684830823371349E-002
  -3.4516840563653638E-002
  -3.5369400513998624E-002
  -3.6243018231901333E-002
  -3.7138213809051718E-002
  -3.8055520180729441E-002
  -3.8995483442842691E-002
  -3.9958663176781650E-002
  -4.0945632782266317E-002
  -4.1956979818415500E-002
  -4.2993306353204752E-002
  -4.4055229321550794E-002
  -4.5143380892205438E-002
  -4.6258408843692957E-002
  -4.7400976949510655E-002
  -4.8571765372813949E-002
  -4.9771471070815233E-002
  -5.1000808209144703E-002
  -5.2260508586415615E-002
  -5.3551322069235005E-002
  -5.4874017037908195E-002
  -5.6229380843137507E-002
  -5.7618220273921474E-002
  -5.9041362036991243E-002
  -6.0499653248013242E-002
  -6.1993961934890984E-002
  -6.3525177553401133E-002
  -6.5094211515536973E-002
  -6.6701997730833421E-002
  -6.8349493160909200E-002
  -7.0037678387761829E-002
  -7.1767558195860462E-002
  -7.3540162168629408E-002
  -7.5356545299535879E-002
  -7.7217788618101024E-002
  -7.9124999831359941E-002
  -8.1079313980949488E-002
  -8.3081894116337582E-002
  -8.5133931984508096E-002
  -8.7236648736534791E-002
  -8.9391295651431210E-002
  -9.1599154877715722E-002
  -9.3861540193078005E-002
  -9.6179797782564927E-002
  -9.8555307035845321E-002
 -0.10098948136382629     
 -0.10348376903525672     
 -0.10603965403364918     
 -0.10865865693511458     
 -0.11134233580748193     
 -0.11409228713138303     
 -0.11691014674359629     
 -0.11979759080334612     
 -0.12275633678203682     
 -0.12578814447692838     
 -0.12889481704936620     
 -0.13207820208812301     
 -0.13534019269838729     
 -0.13868272861707126     
 -0.14210779735494386     
 -0.14561743536628358     
 -0.14921372924665835     
 -0.15289881695939725     
 -0.15667488909149571     
 -0.16054419013964422     
 -0.16450901982684571     
 -0.16857173445055174     
 -0.17273474826290383     
 -0.17700053488371756     
 -0.18137162874706006     
 -0.18585062658206139     
 -0.19044018892870287     
 -0.19514304168940058     
 -0.19996197771700139     
 -0.20489985844017283     
 -0.20995961552672610     
 -0.21514425258583947     
 -0.22045684690993944     
 -0.22590055125695269     
 -0.23147859567388226     
 -0.23719428936242412     
 -0.24305102258751615     
 -0.24905226862955851     
 -0.25520158578133961     
 -0.26150261939024461     
 -0.26795910394687139     
 -0.27457486522062446     
 -0.28135382244343515     
 -0.28829999054219196     
 -0.29541748242093668     
 -0.30271051129357979     
 -0.31018339306798376     
 -0.31784054878229634     
 -0.32568650709441799     
 -0.33372590682535391     
 -0.34196349955726979     
 -0.35040415228725319     
 -0.35905285013737814     
 -0.36791469912197550     
 -0.37699492897292253     
 -0.38629889602373541     
 -0.39583208615313825     
 -0.40560011778893690     
 -0.41560874497302497     
 -0.42586386048801028     
 -0.43637149904643241     
 -0.44713784054304356     
 -0.45816921337109967     
 -0.46947209780292953     
 -0.48105312943604922     
 -0.49291910270473360     
 -0.50507697445838151     
 -0.51753386760696640     
 -0.53029707483428434     
 -0.54337406237970098     
 -0.55677247388930895     
 -0.57050013433676916     
 -0.58456505401543724     
 -0.59897543260139374     
 -0.61373966329015128     
 -0.62886633700600514     
 -0.64436424668697245     
 -0.66024239164596676     
 -0.67650998200938850     
 -0.69317644323620820     
 -0.71025142071805836     
 -0.72774478446414048     
 -0.74566663387307575     
 -0.76402730259548290     
 -0.78283736349054611     
 -0.80210763368203786     
 -0.82184917971826943     
 -0.84207332284261072     
 -0.86279164438190759     
 -0.88401599126004660     
 -0.90575848164798212     
 -0.92803151075971380     
 -0.95084775680789546     
 -0.97422018713367242     
 -0.99816206452723066     
  -1.0226869537584988     
  -1.0478087283403932     
  -1.0735415775489809     
  -1.0999000137297259     
  -1.1268988799214434     
  -1.1545533578350038     
  -1.1828789762278851     
  -1.2118916197207505     
  -1.2416075381079952     
  -1.2720433562214266     
  -1.3032160844111000     
  -1.3351431297162215     
  -1.3678423078074669     
  -1.4013318557884342     
  -1.4356304459563167     
  -1.4707572006286134     
  -1.5067317081563070     
  -1.5435740402512019     
  -1.5813047707705536     
  -1.6199449961102348     
  -1.6595163573703731     
  -1.7000410644717814     
  -1.7415419224066440     
  -1.7840423598241264     
  -1.8275664601555950     
  -1.8721389954935752     
  -1.9177854634425409     
  -1.9645321271616112     
  -2.0124060588143529     
  -2.0614351866328389     
  -2.1116483457849502     
  -2.1630753332099673     
  -2.2157469665461460     
  -2.2696951472260500     
  -2.3249529277413958     
  -2.3815545829929565     
  -2.4395356855203181     
  -2.4989331842633629     
  -2.5597854863208118     
  -2.6221325409480412     
  -2.6860159247556501     
  -2.7514789267366648     
  -2.8185666313426703     
  -2.8873259973403615     
  -2.9578059296033565     
  -3.0300573403050706     
  -3.1041331951713973     
  -3.1800885395047609     
  -3.2579804975967286     
  -3.3378682378691829     
  -3.4198128946347652     
  -3.5038774357003102     
  -3.5901264631620764     
  -3.6786259326398643     
  -3.7694427738574450     
  -3.8626443929237189     
  -3.9582980338943039     
  -4.0564699742504704     
  -4.1572245258693457     
  -4.2606228099494698     
  -4.3667212713397818     
  -4.4755698949477427     
  -4.5872100846047097     
  -4.7016721632477303     
  -4.8189724529088451     
  -4.9391098942915459     
  -5.0620621692581089     
  -5.1877812961202014     
  -5.3161886781185519     
  -5.4471696010021908     
  -5.5805671974291462     
  -5.7161759254761231     
  -5.8537346474449947     
  -5.9929194451554890     
  -6.1333363706927484     
  -6.2745144088515641     
  -6.4158990204972097     
  -6.5568467455058377     
  -6.6966214694088153     
  -6.8343930973101239     
  -6.9692395275712054     
  -7.1001529681614457     
  -7.2260517776083368     
  -7.3457991207675608     
  -7.4582297790780778     
  -7.5621864059605848     
  -7.6565663159247448     
  -7.7403794662456518     
  -7.8128175315145363     
  -7.8733327463737330     
  -7.9217233112605516     
  -7.9582193570505266     
  -7.9835593759359389     
  -7.9990411179664207     
  -8.0065224670655706     
  -8.0083356689675025     
  -8.0070609833359399     
  -8.0050813419876441     
  -8.0038052734885170     
  -8.0029724246833620     
  -8.0023107136365876     
  -8.0017874553835373     
  -8.0013756839365637     
  -8.0010532565920851     
  -8.0008020781059912     
  -8.0006074327854062     
  -8.0004574127692525     
  -8.0003424313304770     
  -8.0002548107695386     
  -8.0001884353211583     
  -8.0001384603699890     
  -8.0001010701490465     
  -8.0000732769450931     
  -8.0000527556284293     
  -8.0000377080735277     
  -8.0000267527389823     
  -8.0000188352737673     
  -8.0000131566069665     
  -8.0000091154863959     
  -8.0000062628589745     
  -8.0000042659158233     
  -8.0000028799557228     
  -8.0000019265392801     
  -8.0000012766437631     
  -8.0000008378003358     
  -8.0000005443346858     
  -8.0000003500417964     
  -8.0000002227267970     
  -8.0000001401820153     
  -8.0000000872455121     
  -8.0000000536771694     
  -8.0000000326353664     
  -8.0000000196018970     
  -8.0000000116272876     
  -8.0000000068088717     
  -8.0000000039348134     
  -8.0000000022432456     
  -8.0000000012612649     
  -8.0000000006990142     
  -8.0000000003818084     
  -8.0000000002054374     
  -8.0000000001088178     
  -8.0000000000566924     
  -8.0000000000289582     
  -8.0000000000145217     
  -8.0000000000071125     
  -8.0000000000033680     
  -8.0000000000015525     
  -8.0000000000006537     
  -8.0000000000001474     
  -8.0000000000000639     
  -7.9999999999999387     
  -7.9999999999997815     
  -7.9999999999997460     
  -7.9999999999997327     
  -7.9999999999998597     
  -7.9999999999997833     
  -7.9999999999998082     
  -7.9999999999997717     
  -7.9999999999998410     
  -7.9999999999998739     
  -7.9999999999998819     
  -7.9999999999999254     
  -7.9999999999995355     
  -8.0000000000001137     
  -8.0000000000001261     
  -7.9999999999996820     
  -7.9999999999995435     
  -7.9999999999999147     
  -7.9999999999996607     
  -8.0000000000001990     
  -7.9999999999995701     
  -8.0000000000002078     
  -8.0000000000001616     
  -8.0000000000002647     
  -7.9999999999998632     
  -8.0000000000000817     
  -8.0000000000003393     
  -7.9999999999996767     
  -7.9999999999999565     
  -8.0000000000003197     
  -8.0000000000000231     
  -8.0000000000001705     
  -8.0000000000001190     
  -8.0000000000002380     
  -8.0000000000002967     
  -7.9999999999999751     
  -7.9999999999996572     
  -8.0000000000001048     
  -8.0000000000000817     
  -8.0000000000001350     
  -8.0000000000001918     
  -7.9999999999999529     
  -7.9999999999999059     
  -8.0000000000001865     
  -8.0000000000000497     
  -7.9999999999999760     
  -8.0000000000000071     
  -8.0000000000003979     
  -8.0000000000002416     
  -8.0000000000003801     
  -7.9999999999998215     
  -7.9999999999998916     
  -7.9999999999999254     
  -8.0000000000000000     
  -8.0000000000002771     
  -8.0000000000001403     
  -7.9999999999997220     
  -7.9999999999997833     
  -8.0000000000000515     
  -7.9999999999999583     
  -8.0000000000001048     
  -7.9999999999996962     
  -7.9999999999998685     
  -7.9999999999999707     
  -8.0000000000000782     
  -8.0000000000003126     
  -7.9999999999997140     
  -7.9999999999999849     
  -7.9999999999999947     
  -7.9999999999999183     
  -7.9999999999999494     
  -8.0000000000000533     
  -8.0000000000000266     
  -7.9999999999999067     
  -8.0000000000000480     
  -8.0000000000000604     
  -8.0000000000000213     
  -8.0000000000000586     
  -7.9999999999999574     
  -7.9999999999999609     
  -8.0000000000000409     
  -8.0000000000000320     
  -8.0000000000000107     
  -8.0000000000000515     
  -8.0000000000000213     
  -8.0000000000000266     
  -7.9999999999999387     
  -8.0000000000000000     
  -8.0000000000000160     
  -8.0000000000000266     
  -8.0000000000000000     
  -8.0000000000001048     
  -7.9999999999999556     
  -8.0000000000000355     
  -7.9999999999999316     
  -8.0000000000000853     
 r*potential (L=2) in rydberg
   0.0000000000000000     
   3.9859693877550768E-007
  -5.8742107149888272E-003
  -6.0193038058174901E-003
  -6.1679806958187004E-003
  -6.3203299048193197E-003
  -6.4764421390844651E-003
  -6.6364103453229982E-003
  -6.8003297660268868E-003
  -6.9682979961757825E-003
  -7.1404150413441848E-003
  -7.3167833772433185E-003
  -7.4975080107321608E-003
  -7.6826965423380722E-003
  -7.8724592303195846E-003
  -8.0669090563117978E-003
  -8.2661617925950566E-003
  -8.4703360710221571E-003
  -8.6795534536501968E-003
  -8.8939385051171032E-003
  -9.1136188668041237E-003
  -9.3387253328319087E-003
  -9.5693919279325468E-003
  -9.8057559872457498E-003
  -1.0047958238085446E-002
  -1.0296142883726375E-002
  -1.0550457689259574E-002
  -1.0811054069569673E-002
  -1.1078087179483494E-002
  -1.1351716006147426E-002
  -1.1632103463683900E-002
  -1.1919416490188900E-002
  -1.2213826147121980E-002
  -1.2515507721154119E-002
  -1.2824640828529254E-002
  -1.3141409522003693E-002
  -1.3466002400430966E-002
  -1.3798612721040956E-002
  -1.4139438514512236E-002
  -1.4488682702868644E-002
  -1.4846553220294427E-002
  -1.5213263136936985E-002
  -1.5589030785763042E-002
  -1.5974079892547847E-002
  -1.6368639709076652E-002
  -1.6772945149638830E-002
  -1.7187236930886401E-002
  -1.7611761715153416E-002
  -1.8046772257311865E-002
  -1.8492527555258292E-002
  -1.8949293004110756E-002
  -1.9417340554218537E-002
  -1.9896948873079408E-002
  -2.0388403511246135E-002
  -2.0891997072336178E-002
  -2.1408029387241307E-002
  -2.1936807692638335E-002
  -2.2478646813909493E-002
  -2.3033869352578108E-002
  -2.3602805878378045E-002
  -2.4185795126065335E-002
  -2.4783184197086857E-002
  -2.5395328766236583E-002
  -2.6022593293415438E-002
  -2.6665351240608443E-002
  -2.7323985294244058E-002
  -2.7998887593021868E-002
  -2.8690459961384789E-002
  -2.9399114148742751E-002
  -3.0125272074621373E-002
  -3.0869366079850375E-002
  -3.1631839183960682E-002
  -3.2413145348946182E-002
  -3.3213749749525193E-002
  -3.4034129050091948E-002
  -3.4874771688494358E-002
  -3.5736178166830446E-002
  -3.6618861349422514E-002
  -3.7523346768148426E-002
  -3.8450172935319889E-002
  -3.9399891664278104E-002
  -4.0373068397914151E-002
  -4.1370282545303373E-002
  -4.2392127826648425E-002
  -4.3439212626742385E-002
  -4.4512160357163669E-002
  -4.5611609827410061E-002
  -4.6738215625205339E-002
  -4.7892648506191036E-002
  -4.9075595793239342E-002
  -5.0287761785642274E-002
  -5.1529868178380331E-002
  -5.2802654491771954E-002
  -5.4106878511705779E-002
  -5.5443316740766718E-002
  -5.6812764860482083E-002
  -5.8216038205004025E-002
  -5.9653972246456903E-002
  -6.1127423092301840E-002
  -6.2637267994960374E-002
  -6.4184405874027142E-002
  -6.5769757851374247E-002
  -6.7394267799469595E-002
  -6.9058902903236352E-002
  -7.0764654235772995E-002
  -7.2512537348299669E-002
  -7.4303592874652949E-002
  -7.6138887150722576E-002
  -7.8019512849161324E-002
  -7.9946589629780837E-002
  -8.1921264805983982E-002
  -8.3944714027658143E-002
  -8.6018141980926568E-002
  -8.8142783105162867E-002
  -9.0319902327702636E-002
  -9.2550795816699796E-002
  -9.4836791752549665E-002
  -9.7179251118350962E-002
  -9.9579568509884975E-002
 -0.10203917296556231     
 -0.10455952881687516     
 -0.10714213655980327     
 -0.10978853374774059     
 -0.11250029590644803     
 -0.11527903747155906     
 -0.11812641274924440     
 -0.12104411690053482     
 -0.12403388694995436     
 -0.12709750281900395     
 -0.13023678838514596     
 -0.13345361256690486     
 -0.13674989043568572     
 -0.14012758435506698     
 -0.14358870514811106     
 -0.14713531329351598     
 -0.15076952015116524     
 -0.15449348921795039     
 -0.15830943741454867     
 -0.16221963640376547     
 -0.16622641394158866     
 -0.17033215526126863     
 -0.17453930449165053     
 -0.17885036611042471     
 -0.18326790643300644     
 -0.18779455513827120     
 -0.19243300683167627     
 -0.19718602264694246     
 -0.20205643188705424     
 -0.20704713370570066     
 -0.21216109883000123     
 -0.21740137132564782     
 -0.22277107040535557     
 -0.22827339228176349     
 -0.23391161206593064     
 -0.23968908571230807     
 -0.24560925201160319     
 -0.25167563463244030     
 -0.25789184421318051     
 -0.26426158050493492     
 -0.27078863456726482     
 -0.27747689101750117     
 -0.28433033033528232     
 -0.29135303122344691     
 -0.29854917302668776     
 -0.30592303820932926     
 -0.31347901489371721     
 -0.32122159946053114     
 -0.32915539921261550     
 -0.33728513510371466     
 -0.34561564453378840     
 -0.35415188421234162     
 -0.36289893309142424     
 -0.37186199536992492     
 -0.38104640357087677     
 -0.39045762169333526     
 -0.40010124844064859     
 -0.40998302052695507     
 -0.42010881606344103     
 -0.43048465802652203     
 -0.44111671780943446     
 -0.45201131885946538     
 -0.46317494040249146     
 -0.47461422125677716     
 -0.48633596373817822     
 -0.49834713765853805     
 -0.51065488441935980     
 -0.52326652120281214     
 -0.53618954526213802     
 -0.54943163831340958     
 -0.56300067103083729     
 -0.57690470764768065     
 -0.59115201066478129     
 -0.60575104566897386     
 -0.62071048626320791     
 -0.63603921911073835     
 -0.65174634909514939     
 -0.66784120459839713     
 -0.68433334289891545     
 -0.70123255569144261     
 -0.71854887473070883     
 -0.73629257760065070     
 -0.75447419361077073     
 -0.77310450982149970     
 -0.79219457719963082     
 -0.81175571690545556     
 -0.83179952671258894     
 -0.85233788756144013     
 -0.87338297024684974     
 -0.89494724224069466     
 -0.91704347464898750     
 -0.93968474930382095     
 -0.96288446598886124     
 -0.98665634979781358     
  -1.0110144586235890     
  -1.0359731907765506     
  -1.0615472927281306     
  -1.0877518669766679     
  -1.1146023800303690     
  -1.1421146705020633     
  -1.1703049573087461     
  -1.1991898479680914     
  -1.2287863469820601     
  -1.2591118642970254     
  -1.2901842238269938     
  -1.3220216720252891     
  -1.3546428864868818     
  -1.3880669845627045     
  -1.4223135319609299     
  -1.4574025513121065     
  -1.4933545306651150     
  -1.5301904318825961     
  -1.5679316988962491     
  -1.6066002657776417     
  -1.6462185645770109     
  -1.6868095328704726     
  -1.7283966209559423     
  -1.7710037986235074     
  -1.8146555614203781     
  -1.8593769363186385     
  -1.9051934866845464     
  -1.9521313164319058     
  -2.0002170732312612     
  -2.0494779506288952     
  -2.0999416889101097     
  -2.1516365745262802     
  -2.2045914378766684     
  -2.2588356492159467     
  -2.3143991124297005     
  -2.3713122563874887     
  -2.4296060235517722     
  -2.4893118554821951     
  -2.5504616748319835     
  -2.6130878633885608     
  -2.6772232356574914     
  -2.7429010074329851     
  -2.8101547587364140     
  -2.8790183904336470     
  -2.9495260737667968     
  -3.0217121919548759     
  -3.0956112729229890     
  -3.1712579121218547     
  -3.2486866842924500     
  -3.3279320429077330     
  -3.4090282059001709     
  -3.4920090261400789     
  -3.5769078449840843     
  -3.6637573270496637     
  -3.7525892742028026     
  -3.8434344165609602     
  -3.9363221781225648     
  -4.0312804144354493     
  -4.1283351194998676     
  -4.2275100988956584     
  -4.3288266058971088     
  -4.4323029371229001     
  -4.5379539840555099     
  -4.6457907365573279     
  -4.7558197343266304     
  -4.8680424620728120     
  -4.9824546840658224     
  -5.0990457136395229     
  -5.2177976132164785     
  -5.3386843204919563     
  -5.4616706965911552     
  -5.5867114923181749     
  -5.7137502290776219     
  -5.8427179917055989     
  -5.9735321313316465     
  -6.1060948775550719     
  -6.2402918606995863     
  -6.3759905467696942     
  -6.5130385900274366     
  -6.6512621108955186     
  -6.7904639102573761     
  -6.9304216352064261     
  -7.0708859159964330     
  -7.2115784994028829     
  -7.3521904099975703     
  -7.4923801780053028     
  -7.6317721804944032     
  -7.7699551516431864     
  -7.9064809277164949     
  -8.0408635031006455     
  -8.1725784851522185     
  -8.3010630475380545     
  -8.4257164938970117     
  -8.5459015556536748     
  -8.6609465592089236     
  -8.7701486078616888     
  -8.8727779319854196     
  -8.9680835662607699     
  -9.0553005141525205     
  -9.1336585561325219     
  -9.2023928481401516     
  -9.2607564390642878     
  -9.3080348092509020     
  -9.3435624948199418     
  -9.3667418135786153     
  -9.3770636463868247     
  -9.3741301518470976     
  -9.3576792011957934     
  -9.3276102131539353     
  -9.2840109439228122     
  -9.2271846431938762     
  -9.1576768194636351     
  -9.0763006609095669     
  -8.9841599223389910     
  -8.8826678002963710     
  -8.7735599584932196     
  -8.6588994108700987     
  -8.5410703946392044     
  -8.4227576501442023     
  -8.3069066656220247     
  -8.1966594800597434     
  -8.0952596783708568     
  -8.0059194989228377     
  -7.9316419412158723     
  -7.8749921390465802     
  -7.8378161807852189     
  -7.8209136641035357     
  -7.8236848589584449     
  -7.8437974583634826     
  -7.8769554095807157     
  -7.9169081366980301     
  -7.9559188870357511     
  -7.9860246260009564     
  -8.0015799775347247     
  -8.0038052734881013     
  -8.0029724246833620     
  -8.0023107136365876     
  -8.0017874553835373     
  -8.0013756839365637     
  -8.0010532565920851     
  -8.0008020781059912     
  -8.0006074327854062     
  -8.0004574127692525     
  -8.0003424313304770     
  -8.0002548107695386     
  -8.0001884353211583     
  -8.0001384603699890     
  -8.0001010701490465     
  -8.0000732769450931     
  -8.0000527556284293     
  -8.0000377080735277     
  -8.0000267527389823     
  -8.0000188352737673     
  -8.0000131566069665     
  -8.0000091154863959     
  -8.0000062628589745     
  -8.0000042659158233     
  -8.0000028799557228     
  -8.0000019265392801     
  -8.0000012766437631     
  -8.0000008378003358     
  -8.0000005443346858     
  -8.0000003500417964     
  -8.0000002227267970     
  -8.0000001401820153     
  -8.0000000872455121     
  -8.0000000536771694     
  -8.0000000326353664     
  -8.0000000196018970     
  -8.0000000116272876     
  -8.0000000068088717     
  -8.0000000039348134     
  -8.0000000022432456     
  -8.0000000012612649     
  -8.0000000006990142     
  -8.0000000003818084     
  -8.0000000002054374     
  -8.0000000001088178     
  -8.0000000000566924     
  -8.0000000000289582     
  -8.0000000000145217     
  -8.0000000000071125     
  -8.0000000000033680     
  -8.0000000000015525     
  -8.0000000000006537     
  -8.0000000000001474     
  -8.0000000000000639     
  -7.9999999999999387     
  -7.9999999999997815     
  -7.9999999999997460     
  -7.9999999999997327     
  -7.9999999999998597     
  -7.9999999999997833     
  -7.9999999999998082     
  -7.9999999999997717     
  -7.9999999999998410     
  -7.9999999999998739     
  -7.9999999999998819     
  -7.9999999999999254     
  -7.9999999999995355     
  -8.0000000000001137     
  -8.0000000000001261     
  -7.9999999999996820     
  -7.9999999999995435     
  -7.9999999999999147     
  -7.9999999999996607     
  -8.0000000000001990     
  -7.9999999999995701     
  -8.0000000000002078     
  -8.0000000000001616     
  -8.0000000000002647     
  -7.9999999999998632     
  -8.0000000000000817     
  -8.0000000000003393     
  -7.9999999999996767     
  -7.9999999999999565     
  -8.0000000000003197     
  -8.0000000000000231     
  -8.0000000000001705     
  -8.0000000000001190     
  -8.0000000000002380     
  -8.0000000000002967     
  -7.9999999999999751     
  -7.9999999999996572     
  -8.0000000000001048     
  -8.0000000000000817     
  -8.0000000000001350     
  -8.0000000000001918     
  -7.9999999999999529     
  -7.9999999999999059     
  -8.0000000000001865     
  -8.0000000000000497     
  -7.9999999999999760     
  -8.0000000000000071     
  -8.0000000000003979     
  -8.0000000000002416     
  -8.0000000000003801     
  -7.9999999999998215     
  -7.9999999999998916     
  -7.9999999999999254     
  -8.0000000000000000     
  -8.0000000000002771     
  -8.0000000000001403     
  -7.9999999999997220     
  -7.9999999999997833     
  -8.0000000000000515     
  -7.9999999999999583     
  -8.0000000000001048     
  -7.9999999999996962     
  -7.9999999999998685     
  -7.9999999999999707     
  -8.0000000000000782     
  -8.0000000000003126     
  -7.9999999999997140     
  -7.9999999999999849     
  -7.9999999999999947     
  -7.9999999999999183     
  -7.9999999999999494     
  -8.0000000000000533     
  -8.0000000000000266     
  -7.9999999999999067     
  -8.0000000000000480     
  -8.0000000000000604     
  -8.0000000000000213     
  -8.0000000000000586     
  -7.9999999999999574     
  -7.9999999999999609     
  -8.0000000000000409     
  -8.0000000000000320     
  -8.0000000000000107     
  -8.0000000000000515     
  -8.0000000000000213     
  -8.0000000000000266     
  -7.9999999999999387     
  -8.0000000000000000     
  -8.0000000000000160     
  -8.0000000000000266     
  -8.0000000000000000     
  -8.0000000000001048     
  -7.9999999999999556     
  -8.0000000000000355     
  -7.9999999999999316     
  -8.0000000000000853     
