TITLE
 generated from Orca output data.
BASIC_INFO
----------
Generated by:
 molden2qmc version: 4.0.5
Method:

DFT Functional:

Periodicity:
         0
Spin unrestricted:
    .false.
nuclear-nuclear repulsion energy (au/atom):
 0.0000000000000E+00
Number of electrons per primitive cell:
         6

GEOMETRY
--------
Number of atoms:
         1
Atomic positions (au):
 0.0000000000000E+00 0.0000000000000E+00 0.0000000000000E+00
Atomic numbers for each atom:
         6
Valence charges for each atom:
 6.0000000000000E+00

BASIS SET
---------
Number of Gaussian centres
         1
Number of shells per primitive cell
        15
Number of basis functions ('AO') per primitive cell
        55
Number of Gaussian primitives per primitive cell
        33
Highest shell angular momentum (s/p/d/f... 1/2/3/4...)
         5
Code for shell types (s/sp/p/d/f... 1/2/3/4/5...)
         1         1         1         1         1         3         3         3
         3         4         4         4         5         5         6
Number of primitive Gaussians in each shell
         9         9         1         1         1         3         1         1
         1         1         1         1         1         1         1
Sequence number of first shell on each centre
         1        16
Exponents of Gaussian primitives
 3.3980000000000E+04 5.0890000000000E+03 1.1570000000000E+03 3.2660000000000E+02
 1.0610000000000E+02 3.8110000000000E+01 1.4750000000000E+01 6.0350000000000E+00
 2.5300000000000E+00 3.3980000000000E+04 5.0890000000000E+03 1.1570000000000E+03
 3.2660000000000E+02 1.0610000000000E+02 3.8110000000000E+01 1.4750000000000E+01
 6.0350000000000E+00 2.5300000000000E+00 7.3550000000000E-01 2.9050000000000E-01
 1.1110000000000E-01 3.4510000000000E+01 7.9150000000000E+00 2.3680000000000E+00
 8.1320000000000E-01 2.8900000000000E-01 1.0070000000000E-01 1.8480000000000E+00
 6.4900000000000E-01 2.2800000000000E-01 1.4190000000000E+00 4.8500000000000E-01
 1.0110000000000E+00
Normalized contraction coefficients
 1.6345072610000E-01 3.0442122430000E-01 5.2578386900000E-01 8.4689834070000E-01
 1.2557643734000E+00 1.6186445796000E+00 1.6508946063000E+00 1.1035299844000E+00
 3.1248567480000E-01-9.9371899100000E-02-1.9012697710000E-01-3.2543340760000E-01
-5.3366117510000E-01-7.9529779190000E-01-1.0949380078000E+00-1.2138132005000E+00
-1.1385061172000E+00-4.9474883370000E-01 5.6603997100000E-01 2.8201336770000E-01
 1.3714994460000E-01 3.7780189504000E+00 4.0287265029000E+00 3.5154650741000E+00
 1.1007452001000E+00 3.0203856020000E-01 8.0858731900000E-02 4.8210085116501E+00
 7.7239183749914E-01 1.2382132254020E-01 3.2353020987478E+00 2.8898370952098E-01
 1.1468354346880E+00
Position of each shell (au)
 0.0000000000000E+00 0.0000000000000E+00 0.0000000000000E+00
 0.0000000000000E+00 0.0000000000000E+00 0.0000000000000E+00
 0.0000000000000E+00 0.0000000000000E+00 0.0000000000000E+00
 0.0000000000000E+00 0.0000000000000E+00 0.0000000000000E+00
 0.0000000000000E+00 0.0000000000000E+00 0.0000000000000E+00
 0.0000000000000E+00 0.0000000000000E+00 0.0000000000000E+00
 0.0000000000000E+00 0.0000000000000E+00 0.0000000000000E+00
 0.0000000000000E+00 0.0000000000000E+00 0.0000000000000E+00
 0.0000000000000E+00 0.0000000000000E+00 0.0000000000000E+00
 0.0000000000000E+00 0.0000000000000E+00 0.0000000000000E+00
 0.0000000000000E+00 0.0000000000000E+00 0.0000000000000E+00
 0.0000000000000E+00 0.0000000000000E+00 0.0000000000000E+00
 0.0000000000000E+00 0.0000000000000E+00 0.0000000000000E+00
 0.0000000000000E+00 0.0000000000000E+00 0.0000000000000E+00
 0.0000000000000E+00 0.0000000000000E+00 0.0000000000000E+00

MULTIDETERMINANT INFORMATION
----------------------------
GS

ORBITAL COEFFICIENTS
------------------------
 9.9307733538500E-01 2.1478990000000E-06 1.5895704797000E-02-3.0862444340000E-03
 9.7866535500000E-04 0.0000000000000E+00 0.0000000000000E+00 0.0000000000000E+00
 0.0000000000000E+00 0.0000000000000E+00 0.0000000000000E+00 0.0000000000000E+00
 0.0000000000000E+00 0.0000000000000E+00 0.0000000000000E+00 0.0000000000000E+00
 0.0000000000000E+00 1.3321616000000E-05-1.8036226110392E-06 1.6987287827485E-04
-4.3307126253002E-05-1.8394570101970E-06-6.2747745500000E-05 8.4954563317074E-06
-8.0013867950285E-04 2.0398610303812E-04 8.6642498790574E-06 2.8718225000000E-06
-3.8881769348629E-07 3.6620538914230E-05-9.3359824835028E-06-3.9654264008805E-07
 0.0000000000000E+00 0.0000000000000E+00 0.0000000000000E+00 0.0000000000000E+00
 0.0000000000000E+00 0.0000000000000E+00 0.0000000000000E+00 0.0000000000000E+00
 0.0000000000000E+00 0.0000000000000E+00 0.0000000000000E+00 0.0000000000000E+00
 0.0000000000000E+00 0.0000000000000E+00 3.8221400000000E-07 5.3063019137625E-10
-4.9963354575128E-08 4.7900750071603E-08 1.0172618585639E-09-3.1376743042710E-10
 9.8475681942134E-09-1.2549765957985E-09-5.3329233473369E-11 1.0926631000000E-05
 3.4107419171000E-01 2.7383126021800E-01 5.8655378412500E-01 2.8534685608900E-01
 0.0000000000000E+00 0.0000000000000E+00 0.0000000000000E+00 0.0000000000000E+00
 0.0000000000000E+00 0.0000000000000E+00 0.0000000000000E+00 0.0000000000000E+00
 0.0000000000000E+00 0.0000000000000E+00 0.0000000000000E+00 0.0000000000000E+00
-1.4201695250000E-04 1.9227762750646E-05-1.8109536269335E-03 4.6168168306933E-04
 1.9609794269069E-05 7.8344353000000E-05-1.0607089537857E-05 9.9902151047679E-04
-2.5468898058434E-04-1.0817838551918E-05-6.0673493750000E-04 8.2146216137682E-05
-7.7368850373444E-03 1.9724293626786E-03 8.3778355326467E-05 0.0000000000000E+00
 0.0000000000000E+00 0.0000000000000E+00 0.0000000000000E+00 0.0000000000000E+00
 0.0000000000000E+00 0.0000000000000E+00 0.0000000000000E+00 0.0000000000000E+00
 0.0000000000000E+00 0.0000000000000E+00 0.0000000000000E+00 0.0000000000000E+00
 0.0000000000000E+00 6.6194380000000E-06 9.1873652860872E-09-8.6529909579613E-07
 8.2957741833686E-07 1.7618054130320E-08-5.4339674290011E-09 1.7054673201543E-07
-2.1734557293720E-08-9.2358456956732E-10 0.0000000000000E+00 0.0000000000000E+00
 0.0000000000000E+00 0.0000000000000E+00 0.0000000000000E+00-4.0557813562000E-02
-1.1559500462200E-01 1.1745255063700E-01-8.1760581560000E-02-2.3302821264900E-01
 2.3677284356200E-01-1.1085273414800E-01-3.1594460328800E-01 3.2102165346600E-01
-5.9762358966000E-02-1.7033043830900E-01 1.7306755162900E-01 0.0000000000000E+00
 0.0000000000000E+00 0.0000000000000E+00 0.0000000000000E+00 0.0000000000000E+00
 0.0000000000000E+00 0.0000000000000E+00 0.0000000000000E+00 0.0000000000000E+00
 0.0000000000000E+00 0.0000000000000E+00 0.0000000000000E+00 0.0000000000000E+00
 0.0000000000000E+00 0.0000000000000E+00 1.4476748000000E-05-9.2144006997779E-07
 5.9393467732875E-06 7.9477349238133E-07-5.7481385820572E-07 1.3752118359003E-07
 4.2031503117995E-07 1.9168281000000E-05-1.2200545067824E-06 7.8641325430139E-06
 1.0523386329536E-06-7.6109596569438E-07 1.8208816404271E-07 5.5652808591122E-07
 0.0000000000000E+00 0.0000000000000E+00 0.0000000000000E+00 0.0000000000000E+00
 0.0000000000000E+00 0.0000000000000E+00 0.0000000000000E+00 0.0000000000000E+00
 0.0000000000000E+00 0.0000000000000E+00 0.0000000000000E+00 0.0000000000000E+00
 0.0000000000000E+00 0.0000000000000E+00-1.6478971889400E-01 2.7504010598000E-02
-2.9834894557000E-02-3.3219994049500E-01 5.5445392743000E-02-6.0144226611000E-02
-4.5040373961200E-01 7.5174041869000E-02-8.1544820693000E-02-2.4281936005700E-01
 4.0527444899000E-02-4.3962026589000E-02 0.0000000000000E+00 0.0000000000000E+00
 0.0000000000000E+00 0.0000000000000E+00 0.0000000000000E+00 0.0000000000000E+00
 0.0000000000000E+00 0.0000000000000E+00 0.0000000000000E+00 0.0000000000000E+00
 0.0000000000000E+00 0.0000000000000E+00 0.0000000000000E+00 0.0000000000000E+00
 0.0000000000000E+00-3.6773340000000E-06-3.3628011810495E-06-1.5468821664445E-06
-1.4924825343389E-07-2.3325167428996E-06 5.9686836604332E-07-8.6636552123239E-08
-4.8690610000000E-06-4.4525963140420E-06-2.0481857557401E-06-1.9761561865467E-07
-3.0884239437056E-06 7.9029766998183E-07-1.1471315055681E-07 0.0000000000000E+00
 0.0000000000000E+00 0.0000000000000E+00 0.0000000000000E+00 0.0000000000000E+00
 0.0000000000000E+00 0.0000000000000E+00 0.0000000000000E+00 0.0000000000000E+00
 0.0000000000000E+00 0.0000000000000E+00 0.0000000000000E+00 0.0000000000000E+00
 0.0000000000000E+00-8.2276734000000E-04 7.7491777414000E-02 7.5982110866000E-02
-1.8469651800000E-03 1.7395514834200E-01 1.7056621757900E-01-1.8219577340000E-03
 1.7159983918600E-01 1.6825679369800E-01-4.8431683020000E-03 4.5615048382700E-01
 4.4726392644900E-01 0.0000000000000E+00 0.0000000000000E+00 0.0000000000000E+00
 0.0000000000000E+00 0.0000000000000E+00 0.0000000000000E+00 0.0000000000000E+00
 0.0000000000000E+00 0.0000000000000E+00 0.0000000000000E+00 0.0000000000000E+00
 0.0000000000000E+00 0.0000000000000E+00 0.0000000000000E+00 0.0000000000000E+00
-1.7664469800000E-04-2.5257088821162E-06 2.3788217024250E-04-8.1960025934746E-05
-1.7406139911759E-06 4.4378276803771E-07-1.3928269610262E-05-1.3144137250000E-03
-1.8793808439342E-05 1.7700819384014E-03-6.0986479784711E-04-1.2951913813190E-05
 3.3021887878047E-06-1.0364029597870E-04 0.0000000000000E+00 0.0000000000000E+00
 0.0000000000000E+00 0.0000000000000E+00 0.0000000000000E+00 0.0000000000000E+00
 0.0000000000000E+00 0.0000000000000E+00 0.0000000000000E+00-8.1021382740000E-02
 8.2709085865000E-02-2.3419215786600E-01 2.0420316049600E+00-2.0181011590910E+00
 0.0000000000000E+00 0.0000000000000E+00 0.0000000000000E+00 0.0000000000000E+00
 0.0000000000000E+00 0.0000000000000E+00 0.0000000000000E+00 0.0000000000000E+00
 0.0000000000000E+00 0.0000000000000E+00 0.0000000000000E+00 0.0000000000000E+00
-2.1292609650000E-04 2.8828194751449E-05-2.7151637881806E-03 6.9219960624759E-04
 2.9400973561207E-05 1.4357469155000E-03-1.9438665744025E-04 1.8308174032440E-02
-4.6674572340330E-03-1.9824887093351E-04-3.9426804950000E-03 5.3380193696381E-04
-5.0275769279093E-02 1.2817225933551E-02 5.4440789374044E-04 0.0000000000000E+00
 0.0000000000000E+00 0.0000000000000E+00 0.0000000000000E+00 0.0000000000000E+00
 0.0000000000000E+00 0.0000000000000E+00 0.0000000000000E+00 0.0000000000000E+00
 0.0000000000000E+00 0.0000000000000E+00 0.0000000000000E+00 0.0000000000000E+00
 0.0000000000000E+00 1.6357426000000E-05 2.2702940005647E-08-2.1382578402808E-06
 2.0499852327650E-06 4.3536243521921E-08-1.3427975095859E-08 4.2144143238286E-07
-5.3708693647838E-08-2.2822897642295E-09 0.0000000000000E+00 0.0000000000000E+00
 0.0000000000000E+00 0.0000000000000E+00 0.0000000000000E+00-2.0625497433000E-02
 8.2545653960000E-02-8.4409071500000E-02-8.4600696610000E-03 3.3858188633000E-02
-3.4622516487000E-02-1.5755758864300E-01 6.3056390437300E-01-6.4479849799800E-01
 2.3634196710900E-01-9.4586820495900E-01 9.6722059989700E-01 0.0000000000000E+00
 0.0000000000000E+00 0.0000000000000E+00 0.0000000000000E+00 0.0000000000000E+00
 0.0000000000000E+00 0.0000000000000E+00 0.0000000000000E+00 0.0000000000000E+00
 0.0000000000000E+00 0.0000000000000E+00 0.0000000000000E+00 0.0000000000000E+00
 0.0000000000000E+00 0.0000000000000E+00-1.0757621910000E-03-3.7251140678925E-05
-4.4247332702382E-04-5.7512166743015E-05-3.0137500749725E-05 8.3514577164804E-06
-3.0641770135234E-05 6.3043623000000E-05 2.1830538444812E-06 2.5930565411485E-05
 3.3704246399052E-06 1.7661684516920E-06-4.8942613510128E-07 1.7957205038823E-06
 0.0000000000000E+00 0.0000000000000E+00 0.0000000000000E+00 0.0000000000000E+00
 0.0000000000000E+00 0.0000000000000E+00 0.0000000000000E+00 0.0000000000000E+00
 0.0000000000000E+00 0.0000000000000E+00 0.0000000000000E+00 0.0000000000000E+00
 0.0000000000000E+00 0.0000000000000E+00-1.1805867533500E-01-1.5079755423000E-02
 1.4100980037000E-02-4.8424752940000E-02-6.1853432510000E-03 5.7838737610000E-03
-9.0184686525900E-01-1.1519382305700E-01 1.0771698570200E-01 1.3528022610790E+00
 1.7279481727600E-01-1.6157929625000E-01 0.0000000000000E+00 0.0000000000000E+00
 0.0000000000000E+00 0.0000000000000E+00 0.0000000000000E+00 0.0000000000000E+00
 0.0000000000000E+00 0.0000000000000E+00 0.0000000000000E+00 0.0000000000000E+00
 0.0000000000000E+00 0.0000000000000E+00 0.0000000000000E+00 0.0000000000000E+00
 0.0000000000000E+00 1.7971174100000E-04-2.5186478850041E-04 7.1177258248855E-05
 1.3384632430904E-05-1.7280872835547E-04 4.3938839110648E-05 6.5633015915797E-06
-1.0531769000000E-05 1.4760203469527E-05-4.1712491469308E-06-7.8438873303570E-07
 1.0127227383616E-05-2.5749776611646E-06-3.8463362931532E-07 0.0000000000000E+00
 0.0000000000000E+00 0.0000000000000E+00 0.0000000000000E+00 0.0000000000000E+00
 0.0000000000000E+00 0.0000000000000E+00 0.0000000000000E+00 0.0000000000000E+00
 0.0000000000000E+00 0.0000000000000E+00 0.0000000000000E+00 0.0000000000000E+00
 0.0000000000000E+00 1.1903315130000E-03-1.1211055688400E-01-1.0992645989900E-01
 8.8466662100000E-04-8.3321718788000E-02-8.1698475448000E-02 8.1645479110000E-03
-7.6897234367800E-01-7.5399150490600E-01-9.4411579340000E-03 8.8920898286800E-01
 8.7188573773800E-01 0.0000000000000E+00 0.0000000000000E+00 0.0000000000000E+00
 0.0000000000000E+00 0.0000000000000E+00 0.0000000000000E+00 0.0000000000000E+00
 0.0000000000000E+00 0.0000000000000E+00 0.0000000000000E+00 0.0000000000000E+00
 0.0000000000000E+00 0.0000000000000E+00 0.0000000000000E+00 0.0000000000000E+00
 4.6992312100000E-04 6.7190756966794E-06-6.3283151544808E-04 2.1803604457192E-04
 4.6305084212566E-06-1.1805832908638E-06 3.7052999744208E-05 5.6716348300000E-04
 8.1094420005327E-06-7.6378222383338E-04 2.6315385825194E-04 5.5886913433789E-06
-1.4248793066957E-06 4.4720311548840E-05 0.0000000000000E+00 0.0000000000000E+00
 0.0000000000000E+00 0.0000000000000E+00 0.0000000000000E+00 0.0000000000000E+00
 0.0000000000000E+00 0.0000000000000E+00 0.0000000000000E+00 5.7742378610000E-03
 3.6746764660000E-03 2.1233961340000E-02-7.6643783516000E-02 5.9843547891000E-02
 0.0000000000000E+00 0.0000000000000E+00 0.0000000000000E+00 0.0000000000000E+00
 0.0000000000000E+00 0.0000000000000E+00 0.0000000000000E+00 0.0000000000000E+00
 0.0000000000000E+00 0.0000000000000E+00 0.0000000000000E+00 0.0000000000000E+00
-6.5314775900000E-03 8.8430076895368E-04-8.3287261238301E-02 2.1233124027476E-02
 9.0187068541746E-04 1.7772996052500E-02-2.4062968688834E-03 2.2663541975595E-01
-5.7778079206271E-02-2.4541068838311E-03-1.2705246050850E-01 1.7201710788045E-02
-1.6201313291789E+00 4.1303374539638E-01 1.7543486596476E-02 0.0000000000000E+00
 0.0000000000000E+00 0.0000000000000E+00 0.0000000000000E+00 0.0000000000000E+00
 0.0000000000000E+00 0.0000000000000E+00 0.0000000000000E+00 0.0000000000000E+00
 0.0000000000000E+00 0.0000000000000E+00 0.0000000000000E+00 0.0000000000000E+00
 0.0000000000000E+00 1.2534543990000E-03 1.7397027052037E-06-1.6385270355178E-04
 1.5708846564648E-04 3.3361431353596E-06-1.0289731663565E-06 3.2294665586687E-05
-4.1156470967294E-06-1.7488977717233E-07 0.0000000000000E+00 0.0000000000000E+00
 0.0000000000000E+00 0.0000000000000E+00 0.0000000000000E+00 0.0000000000000E+00
 0.0000000000000E+00 0.0000000000000E+00 0.0000000000000E+00 0.0000000000000E+00
 0.0000000000000E+00 0.0000000000000E+00 0.0000000000000E+00 0.0000000000000E+00
 0.0000000000000E+00 0.0000000000000E+00 0.0000000000000E+00 1.7385744748000E-02
-4.7272925988774E-02 8.7034851946169E-04 1.7893559417579E-02-4.7453598986721E-02
-4.6764636054500E-02 1.2715596663364E-01-2.3410864688730E-03-4.8130569383823E-02
 1.2764194564322E-01 3.3562754106850E-01-9.1259224948754E-01 1.6801864849939E-02
 3.4543077879816E-01-9.1608009743265E-01 0.0000000000000E+00 0.0000000000000E+00
 0.0000000000000E+00 0.0000000000000E+00 0.0000000000000E+00 0.0000000000000E+00
 0.0000000000000E+00 0.0000000000000E+00 0.0000000000000E+00 0.0000000000000E+00
 0.0000000000000E+00 0.0000000000000E+00 0.0000000000000E+00 0.0000000000000E+00
 3.4003463500000E-04-5.2091551629033E-05 5.5303313463843E-04-2.8044327198906E-05
-8.9248906417330E-05 2.6915773037014E-05 1.3747461934227E-05-3.5467673376563E-06
 4.5009284824162E-06 0.0000000000000E+00 0.0000000000000E+00 0.0000000000000E+00
 0.0000000000000E+00 0.0000000000000E+00 0.0000000000000E+00 0.0000000000000E+00
 0.0000000000000E+00 0.0000000000000E+00 0.0000000000000E+00 0.0000000000000E+00
 0.0000000000000E+00 0.0000000000000E+00 0.0000000000000E+00 0.0000000000000E+00
 0.0000000000000E+00 0.0000000000000E+00 1.6873307385500E-02 4.8679440983804E-02
 1.8486737808196E-03 1.6342228269406E-02 5.0371987458879E-02-4.5386268484000E-02
-1.3093924786960E-01-4.9726116314619E-03-4.3957757831519E-02-1.3549190414477E-01
 3.2573506338700E-01 9.3974467673419E-01 3.5688194227260E-02 3.1548271121906E-01
 9.7241887159769E-01 0.0000000000000E+00 0.0000000000000E+00 0.0000000000000E+00
 0.0000000000000E+00 0.0000000000000E+00 0.0000000000000E+00 0.0000000000000E+00
 0.0000000000000E+00 0.0000000000000E+00 0.0000000000000E+00 0.0000000000000E+00
 0.0000000000000E+00 0.0000000000000E+00 0.0000000000000E+00 3.3001226000000E-04
 4.1914240697302E-05 5.3771452311669E-04-3.0983243293047E-05 9.0687692208149E-05
-2.8554125920138E-05 1.1600155689130E-05-3.0474311034766E-06-4.9224105715845E-06
 0.0000000000000E+00 0.0000000000000E+00 0.0000000000000E+00 0.0000000000000E+00
 0.0000000000000E+00 0.0000000000000E+00 0.0000000000000E+00 0.0000000000000E+00
 0.0000000000000E+00 0.0000000000000E+00 0.0000000000000E+00 0.0000000000000E+00
 0.0000000000000E+00 0.0000000000000E+00 0.0000000000000E+00 0.0000000000000E+00
 0.0000000000000E+00-1.2426978191000E-02-1.1813238006407E-02 4.8614094524275E-02
 3.6193511747782E-02 1.2615550898111E-02 3.2179040767500E-02 3.0589791141501E-02
-1.2588377524793E-01-9.3721295086515E-02-3.2667340395412E-02-2.3503692355550E-01
-2.2342898454185E-01 9.1945982708574E-01 6.8454386281267E-01 2.3860348239962E-01
 0.0000000000000E+00 0.0000000000000E+00 0.0000000000000E+00 0.0000000000000E+00
 0.0000000000000E+00 0.0000000000000E+00 0.0000000000000E+00 0.0000000000000E+00
 0.0000000000000E+00 0.0000000000000E+00 0.0000000000000E+00 0.0000000000000E+00
 0.0000000000000E+00 0.0000000000000E+00-1.3528061300000E-03-6.0164763327541E-05
-1.2483915247941E-04-1.8579398562435E-05-1.3367833834859E-05-2.5497879453347E-06
 1.7756343650768E-05-6.8594427863522E-06-1.3461167347252E-06 0.0000000000000E+00
 0.0000000000000E+00 0.0000000000000E+00 0.0000000000000E+00 0.0000000000000E+00
 0.0000000000000E+00 0.0000000000000E+00 0.0000000000000E+00 0.0000000000000E+00
 0.0000000000000E+00 0.0000000000000E+00 0.0000000000000E+00 0.0000000000000E+00
 0.0000000000000E+00 0.0000000000000E+00 0.0000000000000E+00 0.0000000000000E+00
 2.0165491110000E-03-6.9526404560861E-02-8.6472489049109E-03-6.6168759899638E-03
 6.7988586078077E-02-5.2217534345000E-03 1.8003515999377E-01 2.2391620130611E-02
 1.7134070644645E-02-1.7605305566354E-01 3.8139883400500E-02-1.3149835771076E+00
-1.6354923526153E-01-1.2514789615482E-01 1.2858981373769E+00 0.0000000000000E+00
 0.0000000000000E+00 0.0000000000000E+00 0.0000000000000E+00 0.0000000000000E+00
 0.0000000000000E+00 0.0000000000000E+00 0.0000000000000E+00 0.0000000000000E+00
 0.0000000000000E+00 0.0000000000000E+00 0.0000000000000E+00 0.0000000000000E+00
 0.0000000000000E+00 2.1952239400000E-04-3.7910468302653E-04 1.6129088739565E-05
 4.7567136928276E-06-7.9846636952260E-05-1.2122078217777E-05-3.2807723124659E-06
 1.3960309252297E-06-6.4398467856765E-06 0.0000000000000E+00 0.0000000000000E+00
 0.0000000000000E+00 0.0000000000000E+00 0.0000000000000E+00-1.4215241860000E-03
 1.3388528022600E-01 1.3127697602100E-01-1.0079450783000E-02 9.4932615699800E-01
 9.3083173100200E-01 1.3967139959000E-02-1.3154854948610E+00-1.2898576861740E+00
-5.7607382870000E-03 5.4257118340300E-01 5.3200100947000E-01 0.0000000000000E+00
 0.0000000000000E+00 0.0000000000000E+00 0.0000000000000E+00 0.0000000000000E+00
 0.0000000000000E+00 0.0000000000000E+00 0.0000000000000E+00 0.0000000000000E+00
 0.0000000000000E+00 0.0000000000000E+00 0.0000000000000E+00 0.0000000000000E+00
 0.0000000000000E+00 0.0000000000000E+00-1.7346068920000E-03-2.4801832781293E-05
 2.3359436016656E-03-8.0482702037755E-04-1.7092395211259E-05 4.3578360223012E-06
-1.3677213524960E-04 7.4262256750000E-03 1.0618198739811E-04-1.0000677632218E-02
 3.4456378034953E-03 7.3176225061109E-05-1.8656834463483E-05 5.8555096647271E-04
 0.0000000000000E+00 0.0000000000000E+00 0.0000000000000E+00 0.0000000000000E+00
 0.0000000000000E+00 0.0000000000000E+00 0.0000000000000E+00 0.0000000000000E+00
 0.0000000000000E+00 0.0000000000000E+00 0.0000000000000E+00 0.0000000000000E+00
 0.0000000000000E+00 0.0000000000000E+00 1.4423054248000E-01-7.5975955987000E-02
 7.9047291283000E-02 1.0379025887410E+00-5.4673330658700E-01 5.6883505285800E-01
-1.5007027236980E+00 7.9052135646700E-01-8.2247825799700E-01 6.1025268978900E-01
-3.2146125711800E-01 3.3445635921800E-01 0.0000000000000E+00 0.0000000000000E+00
 0.0000000000000E+00 0.0000000000000E+00 0.0000000000000E+00 0.0000000000000E+00
 0.0000000000000E+00 0.0000000000000E+00 0.0000000000000E+00 0.0000000000000E+00
 0.0000000000000E+00 0.0000000000000E+00 0.0000000000000E+00 0.0000000000000E+00
 0.0000000000000E+00 2.8609665400000E-03 8.5258003596582E-04 1.1847487418758E-03
 1.4192530043752E-04 5.9938034300437E-04-1.5456735693706E-04 7.7273976679725E-05
-1.3014234630000E-02-3.8782965370600E-03-5.3892968994435E-03-6.4560320197310E-04
-2.7265178766752E-03 7.0311058202532E-04-3.5151115871363E-04 0.0000000000000E+00
 0.0000000000000E+00 0.0000000000000E+00 0.0000000000000E+00 0.0000000000000E+00
 0.0000000000000E+00 0.0000000000000E+00 0.0000000000000E+00 0.0000000000000E+00
 0.0000000000000E+00 0.0000000000000E+00 0.0000000000000E+00 0.0000000000000E+00
 0.0000000000000E+00-1.0963089785300E-01-1.0157465901700E-01 1.0240568545200E-01
-7.8891884292000E-01-7.3094505318900E-01 7.3692523237500E-01 1.1406972765940E+00
 1.0568730091760E+00-1.0655197466350E+00-4.6385841131900E-01-4.2977172389300E-01
 4.3328787316700E-01 0.0000000000000E+00 0.0000000000000E+00 0.0000000000000E+00
 0.0000000000000E+00 0.0000000000000E+00 0.0000000000000E+00 0.0000000000000E+00
 0.0000000000000E+00 0.0000000000000E+00 0.0000000000000E+00 0.0000000000000E+00
 0.0000000000000E+00 0.0000000000000E+00 0.0000000000000E+00 0.0000000000000E+00
 3.7063792430000E-03-6.8391371873905E-04 1.5158521687791E-03 2.1003642419392E-04
-4.5587646735660E-04 1.1390198396246E-04 1.1011761429201E-04-1.6859927726000E-02
 3.1110512744346E-03-6.8954514174894E-03-9.5543351060974E-04 2.0737339026683E-03
-5.1812809523482E-04-5.0091339741779E-04 0.0000000000000E+00 0.0000000000000E+00
 0.0000000000000E+00 0.0000000000000E+00 0.0000000000000E+00 0.0000000000000E+00
 0.0000000000000E+00 0.0000000000000E+00 0.0000000000000E+00 0.0000000000000E+00
 0.0000000000000E+00 0.0000000000000E+00 0.0000000000000E+00 0.0000000000000E+00
-3.2745422000000E-05 3.0841051330000E-03 3.0240217210000E-03-3.3617532900000E-04
 3.1662442751000E-02 3.1045606588000E-02 5.3031237200000E-04-4.9947106935000E-02
-4.8974055613000E-02-2.0254255800000E-04 1.9076331828000E-02 1.8704693689000E-02
 0.0000000000000E+00 0.0000000000000E+00 0.0000000000000E+00 0.0000000000000E+00
 0.0000000000000E+00 0.0000000000000E+00 0.0000000000000E+00 0.0000000000000E+00
 0.0000000000000E+00 0.0000000000000E+00 0.0000000000000E+00 0.0000000000000E+00
 0.0000000000000E+00 0.0000000000000E+00 0.0000000000000E+00 2.2438637194000E-02
 3.2083311159616E-04-3.0217446507818E-02 1.0411132109304E-02 2.2110488387164E-04
-5.6372369799170E-05 1.7692656095023E-03-2.0331406795000E-01-2.9070341702714E-03
 2.7379701892647E-01-9.4334143502907E-02-2.0034074702640E-03 5.1078395376599E-04
-1.6031124583886E-02 0.0000000000000E+00 0.0000000000000E+00 0.0000000000000E+00
 0.0000000000000E+00 0.0000000000000E+00 0.0000000000000E+00 0.0000000000000E+00
 0.0000000000000E+00 0.0000000000000E+00 0.0000000000000E+00 0.0000000000000E+00
 0.0000000000000E+00 0.0000000000000E+00 0.0000000000000E+00 3.9561509100000E-03
 1.9086840050000E-03-1.9037681720000E-03 3.2967630356000E-02 1.5905558250000E-02
-1.5864593340000E-02-4.7759466759000E-02-2.3042025535000E-02 2.2982680589000E-02
 1.9939018703000E-02 9.6197761250000E-03-9.5950003050000E-03 0.0000000000000E+00
 0.0000000000000E+00 0.0000000000000E+00 0.0000000000000E+00 0.0000000000000E+00
 0.0000000000000E+00 0.0000000000000E+00 0.0000000000000E+00 0.0000000000000E+00
 0.0000000000000E+00 0.0000000000000E+00 0.0000000000000E+00 0.0000000000000E+00
 0.0000000000000E+00 0.0000000000000E+00 4.1259404805000E-02-1.4541526566479E-02
 1.6800902662381E-02 2.4395140125640E-03-9.8489062759211E-03 2.4849185300767E-03
 1.2646038778856E-03-3.7360434031400E-01 1.3167367453988E-01-1.5213234862522E-01
-2.2089824795988E-02 8.9181948925815E-02-2.2500963175240E-02-1.1451001287704E-02
 0.0000000000000E+00 0.0000000000000E+00 0.0000000000000E+00 0.0000000000000E+00
 0.0000000000000E+00 0.0000000000000E+00 0.0000000000000E+00 0.0000000000000E+00
 0.0000000000000E+00 0.0000000000000E+00 0.0000000000000E+00 0.0000000000000E+00
 0.0000000000000E+00 0.0000000000000E+00-2.6955687220000E-03 2.7552579520000E-03
-2.8391901640000E-03-2.2462872434000E-02 2.2960278252000E-02-2.3659707120000E-02
 3.2541459539000E-02-3.3262040192000E-02 3.4275287107000E-02-1.3585678702000E-02
 1.3886512695000E-02-1.4309531430000E-02 0.0000000000000E+00 0.0000000000000E+00
 0.0000000000000E+00 0.0000000000000E+00 0.0000000000000E+00 0.0000000000000E+00
 0.0000000000000E+00 0.0000000000000E+00 0.0000000000000E+00 0.0000000000000E+00
 0.0000000000000E+00 0.0000000000000E+00 0.0000000000000E+00 0.0000000000000E+00
 0.0000000000000E+00 6.1532332580000E-02 9.3614163878660E-03 2.5385725848089E-02
 3.1838125000137E-03 6.7063631333283E-03-1.7477896179972E-03 1.7122054045728E-03
-5.5717591249700E-01-8.4767722911171E-02-2.2986801199879E-01-2.8829455353284E-02
-6.0726188032879E-02 1.5826253197936E-02-1.5504037774382E-02 0.0000000000000E+00
 0.0000000000000E+00 0.0000000000000E+00 0.0000000000000E+00 0.0000000000000E+00
 0.0000000000000E+00 0.0000000000000E+00 0.0000000000000E+00 0.0000000000000E+00
 0.0000000000000E+00 0.0000000000000E+00 0.0000000000000E+00 0.0000000000000E+00
 0.0000000000000E+00 0.0000000000000E+00 0.0000000000000E+00 0.0000000000000E+00
 0.0000000000000E+00 0.0000000000000E+00 0.0000000000000E+00 0.0000000000000E+00
 0.0000000000000E+00 0.0000000000000E+00 0.0000000000000E+00 0.0000000000000E+00
 0.0000000000000E+00 0.0000000000000E+00 0.0000000000000E+00 0.0000000000000E+00
 0.0000000000000E+00 0.0000000000000E+00 0.0000000000000E+00 0.0000000000000E+00
 0.0000000000000E+00 0.0000000000000E+00 0.0000000000000E+00 0.0000000000000E+00
 0.0000000000000E+00 0.0000000000000E+00 0.0000000000000E+00 0.0000000000000E+00
 7.3811934037000E-02 1.5649511003645E-02-1.1410665896989E-02-2.2720922212633E-03
 7.4326910747471E-05 1.6687408339044E-03-3.6157327913845E-03-6.6686068328400E-01
-1.4138694151725E-01 1.0309070688905E-01 2.0527425420859E-02-6.7151328782417E-04
-1.5076392012056E-02 3.2666669303321E-02 0.0000000000000E+00 0.0000000000000E+00
 0.0000000000000E+00 0.0000000000000E+00 0.0000000000000E+00 0.0000000000000E+00
 0.0000000000000E+00 0.0000000000000E+00 0.0000000000000E+00 0.0000000000000E+00
 0.0000000000000E+00 0.0000000000000E+00 0.0000000000000E+00 0.0000000000000E+00
 0.0000000000000E+00 0.0000000000000E+00 0.0000000000000E+00 0.0000000000000E+00
 0.0000000000000E+00 0.0000000000000E+00 0.0000000000000E+00 0.0000000000000E+00
 0.0000000000000E+00 0.0000000000000E+00 0.0000000000000E+00 0.0000000000000E+00
 0.0000000000000E+00 0.0000000000000E+00 0.0000000000000E+00 0.0000000000000E+00
 0.0000000000000E+00 0.0000000000000E+00 0.0000000000000E+00 0.0000000000000E+00
 0.0000000000000E+00 0.0000000000000E+00 0.0000000000000E+00 0.0000000000000E+00
 0.0000000000000E+00 0.0000000000000E+00 0.0000000000000E+00-3.3262082586000E-02
 3.4399733866311E-02 5.5821358298337E-03 1.0169324790298E-03 2.9361470172950E-04
 3.3913333691142E-03 1.7613826109132E-03 3.0050933375800E-01-3.1078754851981E-01
-5.0432317784535E-02-9.1875696887116E-03-2.6526889337287E-03-3.0639312155733E-02
-1.5913372637869E-02 0.0000000000000E+00 0.0000000000000E+00 0.0000000000000E+00
 0.0000000000000E+00 0.0000000000000E+00 0.0000000000000E+00 0.0000000000000E+00
 0.0000000000000E+00 0.0000000000000E+00 0.0000000000000E+00 0.0000000000000E+00
 0.0000000000000E+00 0.0000000000000E+00 0.0000000000000E+00 0.0000000000000E+00
 0.0000000000000E+00 0.0000000000000E+00 0.0000000000000E+00 0.0000000000000E+00
 0.0000000000000E+00 0.0000000000000E+00 0.0000000000000E+00 0.0000000000000E+00
 0.0000000000000E+00 0.0000000000000E+00 0.0000000000000E+00 0.0000000000000E+00
 0.0000000000000E+00 0.0000000000000E+00 0.0000000000000E+00 0.0000000000000E+00
 0.0000000000000E+00 0.0000000000000E+00 0.0000000000000E+00 0.0000000000000E+00
 0.0000000000000E+00 0.0000000000000E+00 0.0000000000000E+00 0.0000000000000E+00
 0.0000000000000E+00 0.0000000000000E+00 2.5515469206000E-02 1.5636765858215E-02
-1.2343170032893E-02-7.3263998746047E-03-6.2377333306008E-03-2.5937727782354E-03
 2.7729221124750E-03-2.3004882621400E-01-1.4098191189142E-01 1.1128667691185E-01
 6.6055210582049E-02 5.6239735171284E-02 2.3385593197319E-02-2.5000813114860E-02
 0.0000000000000E+00 0.0000000000000E+00 0.0000000000000E+00 0.0000000000000E+00
 0.0000000000000E+00 0.0000000000000E+00 0.0000000000000E+00 0.0000000000000E+00
 0.0000000000000E+00 0.0000000000000E+00 0.0000000000000E+00 0.0000000000000E+00
 0.0000000000000E+00 0.0000000000000E+00 0.0000000000000E+00 0.0000000000000E+00
 0.0000000000000E+00 0.0000000000000E+00 0.0000000000000E+00 0.0000000000000E+00
 0.0000000000000E+00 0.0000000000000E+00 0.0000000000000E+00 0.0000000000000E+00
 0.0000000000000E+00 0.0000000000000E+00 0.0000000000000E+00 0.0000000000000E+00
 0.0000000000000E+00 0.0000000000000E+00 0.0000000000000E+00 0.0000000000000E+00
 0.0000000000000E+00 0.0000000000000E+00 0.0000000000000E+00 0.0000000000000E+00
 0.0000000000000E+00 0.0000000000000E+00 0.0000000000000E+00 0.0000000000000E+00
 0.0000000000000E+00-2.2142382923000E-02 1.7750534545859E-02 1.1043972479453E-02
 6.6186874060798E-03-6.8681066367218E-03-2.8052842516242E-03-2.5674478449818E-03
 1.9963690104500E-01-1.6003976270159E-01-9.9573042732512E-02-5.9674437359464E-02
 6.1923214396300E-02 2.5292591880723E-02 2.3148246200473E-02 0.0000000000000E+00
 0.0000000000000E+00 0.0000000000000E+00 0.0000000000000E+00 0.0000000000000E+00
 0.0000000000000E+00 0.0000000000000E+00 0.0000000000000E+00 0.0000000000000E+00
 5.4016670234800E-01 1.2285647735090E+00 3.0429439392290E+00-3.5668999676730E+00
 1.3525368784330E+00 0.0000000000000E+00 0.0000000000000E+00 0.0000000000000E+00
 0.0000000000000E+00 0.0000000000000E+00 0.0000000000000E+00 0.0000000000000E+00
 0.0000000000000E+00 0.0000000000000E+00 0.0000000000000E+00 0.0000000000000E+00
 0.0000000000000E+00 1.1858985750000E-03-1.6055953715950E-04 1.5122189893935E-02
-3.8552274239418E-03-1.6374964912149E-04-5.6863916305000E-03 7.6988406123703E-04
-7.2511002100616E-02 1.8485841388765E-02 7.8518066447997E-04 3.6618326975000E-03
-4.9577778218024E-04 4.6694490224868E-02-1.1904220256356E-02-5.0562824610742E-04
 0.0000000000000E+00 0.0000000000000E+00 0.0000000000000E+00 0.0000000000000E+00
 0.0000000000000E+00 0.0000000000000E+00 0.0000000000000E+00 0.0000000000000E+00
 0.0000000000000E+00 0.0000000000000E+00 0.0000000000000E+00 0.0000000000000E+00
 0.0000000000000E+00 0.0000000000000E+00 1.0919357400000E-04 1.5155278931910E-07
-1.4273883526596E-05 1.3684623026330E-05 2.9062518367321E-07-8.9638081922808E-08
 2.8133212918244E-06-3.5853096466447E-07-1.5235370375523E-08 2.1803807257000E-02
 4.2238639080000E-02 9.6496820470000E-02-1.2297416092200E-01 5.4556845638000E-02
 0.0000000000000E+00 0.0000000000000E+00 0.0000000000000E+00 0.0000000000000E+00
 0.0000000000000E+00 0.0000000000000E+00 0.0000000000000E+00 0.0000000000000E+00
 0.0000000000000E+00 0.0000000000000E+00 0.0000000000000E+00 0.0000000000000E+00
-8.8308101170000E-03 1.1956088146783E-03-1.1260759591098E-01 2.8708004260159E-02
 1.2193640196759E-03 1.5846598324800E-01-2.1454806956939E-02 2.0207062739427E+00
-5.1515569487561E-01-2.1881086300924E-02-8.8732884487500E-02 1.2013599816513E-02
-1.1314926567453E+00 2.8846096701360E-01 1.2252294552368E-02 0.0000000000000E+00
 0.0000000000000E+00 0.0000000000000E+00 0.0000000000000E+00 0.0000000000000E+00
 0.0000000000000E+00 0.0000000000000E+00 0.0000000000000E+00 0.0000000000000E+00
 0.0000000000000E+00 0.0000000000000E+00 0.0000000000000E+00 0.0000000000000E+00
 0.0000000000000E+00-3.9460426970000E-03-5.4768176172986E-06 5.1583030438673E-04
-4.9453557559989E-04-1.0502626442030E-05 3.2393456291050E-06-1.0166794209795E-04
 1.2956609496541E-05 5.5057649283877E-07 0.0000000000000E+00 0.0000000000000E+00
 0.0000000000000E+00 0.0000000000000E+00 0.0000000000000E+00 0.0000000000000E+00
 0.0000000000000E+00 0.0000000000000E+00 0.0000000000000E+00 0.0000000000000E+00
 0.0000000000000E+00 0.0000000000000E+00 0.0000000000000E+00 0.0000000000000E+00
 0.0000000000000E+00 0.0000000000000E+00 0.0000000000000E+00 5.5355719315000E-03
-8.9381818862634E-02-5.1208341413780E-04 6.5021389896798E-03-9.0907645096744E-02
-9.9744328323500E-02 1.6105525494102E+00 9.2271253609658E-03-1.1716070068339E-01
 1.6380460974539E+00 5.5935760054000E-02-9.0318399524247E-01-5.1744924137531E-03
 6.5702711635943E-02-9.1860214013654E-01 0.0000000000000E+00 0.0000000000000E+00
 0.0000000000000E+00 0.0000000000000E+00 0.0000000000000E+00 0.0000000000000E+00
 0.0000000000000E+00 0.0000000000000E+00 0.0000000000000E+00 0.0000000000000E+00
 0.0000000000000E+00 0.0000000000000E+00 0.0000000000000E+00 0.0000000000000E+00
-2.5469594500000E-04 2.1001772531405E-04-4.1242250211848E-04 1.4042708442959E-05
 3.9473073756322E-04-1.2127058269253E-04-1.3518817968220E-05 3.3867055101651E-06
-2.0551980379361E-05 0.0000000000000E+00 0.0000000000000E+00 0.0000000000000E+00
 0.0000000000000E+00 0.0000000000000E+00 0.0000000000000E+00 0.0000000000000E+00
 0.0000000000000E+00 0.0000000000000E+00 0.0000000000000E+00 0.0000000000000E+00
 0.0000000000000E+00 0.0000000000000E+00 0.0000000000000E+00 0.0000000000000E+00
 0.0000000000000E+00 0.0000000000000E+00 3.1911575294000E-02 1.5477157773811E-02
 2.6831292261703E-03 3.1736498315344E-02 1.7165287231805E-02-5.7500808999850E-01
-2.7887971208535E-01-4.8346751849928E-02-5.7185341404779E-01-3.0929776841474E-01
 3.2245958333450E-01 1.5639334006501E-01 2.7112441942690E-02 3.2069046823756E-01
 1.7345152401256E-01 0.0000000000000E+00 0.0000000000000E+00 0.0000000000000E+00
 0.0000000000000E+00 0.0000000000000E+00 0.0000000000000E+00 0.0000000000000E+00
 0.0000000000000E+00 0.0000000000000E+00 0.0000000000000E+00 0.0000000000000E+00
 0.0000000000000E+00 0.0000000000000E+00 0.0000000000000E+00-1.4682762530000E-03
-1.0290195706049E-05-2.3905054423961E-03 1.3067451255517E-04-6.5645431464384E-05
 2.2861226316622E-05-5.4930312782343E-05 1.4310742984207E-05 4.1981520199604E-06
 0.0000000000000E+00 0.0000000000000E+00 0.0000000000000E+00 0.0000000000000E+00
 0.0000000000000E+00 0.0000000000000E+00 0.0000000000000E+00 0.0000000000000E+00
 0.0000000000000E+00 0.0000000000000E+00 0.0000000000000E+00 0.0000000000000E+00
 0.0000000000000E+00 0.0000000000000E+00 0.0000000000000E+00 0.0000000000000E+00
 0.0000000000000E+00 1.6149181060000E-02 6.6300897640056E-04-6.3331234931824E-02
-4.7187309365490E-02-1.9950402250903E-03-2.9739081550050E-01-1.2209460002321E-02
 1.1662589906490E+00 8.6896495624950E-01 3.6739116189852E-02 1.6747093422050E-01
 6.8755642957815E-03-6.5676030504883E-01-4.8934387157479E-01-2.0689052217410E-02
 0.0000000000000E+00 0.0000000000000E+00 0.0000000000000E+00 0.0000000000000E+00
 0.0000000000000E+00 0.0000000000000E+00 0.0000000000000E+00 0.0000000000000E+00
 0.0000000000000E+00 0.0000000000000E+00 0.0000000000000E+00 0.0000000000000E+00
 0.0000000000000E+00 0.0000000000000E+00-4.2907553160000E-03 4.3070743507307E-06
-3.9388605235053E-04-5.9803141427534E-05-1.2436883380335E-06-1.7967765308778E-06
 5.6519012143906E-05-2.1898377261593E-05-9.2840296300438E-07 0.0000000000000E+00
 0.0000000000000E+00 0.0000000000000E+00 0.0000000000000E+00 0.0000000000000E+00
 0.0000000000000E+00 0.0000000000000E+00 0.0000000000000E+00 0.0000000000000E+00
 0.0000000000000E+00 0.0000000000000E+00 0.0000000000000E+00 0.0000000000000E+00
 0.0000000000000E+00 0.0000000000000E+00 0.0000000000000E+00 0.0000000000000E+00
-1.6795410000000E-06-9.0460553598263E-02-9.5387576899028E-04-9.3673723450256E-04
 8.8678378170435E-02 3.0929125000000E-05 1.6658515193523E+00 1.7565837659061E-02
 1.7250227671114E-02-1.6330323564608E+00-1.7417247500000E-05-9.3809793604013E-01
-9.8919236567018E-03-9.7141928839353E-03 9.1961634352441E-01 0.0000000000000E+00
 0.0000000000000E+00 0.0000000000000E+00 0.0000000000000E+00 0.0000000000000E+00
 0.0000000000000E+00 0.0000000000000E+00 0.0000000000000E+00 0.0000000000000E+00
 0.0000000000000E+00 0.0000000000000E+00 0.0000000000000E+00 0.0000000000000E+00
 0.0000000000000E+00 4.4624500000000E-07 1.2017440985235E-03 1.2800462625361E-05
-5.3765832647491E-06 2.5345935172941E-04 3.8740541544621E-05 1.2284677376757E-06
-8.7209977256766E-07 2.0576645938653E-05-5.2793354000000E-05-5.2818826000000E-05
-1.5790246000000E-05 3.8013470000000E-05-3.9151828000000E-05 0.0000000000000E+00
 0.0000000000000E+00 0.0000000000000E+00 0.0000000000000E+00 0.0000000000000E+00
 0.0000000000000E+00 0.0000000000000E+00 0.0000000000000E+00 0.0000000000000E+00
 0.0000000000000E+00 0.0000000000000E+00 0.0000000000000E+00-3.7326286350000E-04
 5.0536288899550E-05-4.7597256823958E-03 1.2134370162905E-03 5.1540379537308E-05
-1.1168614705000E-03 1.5121256134952E-04-1.4241851369605E-02 3.6307952985669E-03
 1.5421695935982E-04 3.4010048950000E-04-4.6046414834646E-05 4.3368499602754E-03
-1.1056297417094E-03-4.6961297927610E-05 0.0000000000000E+00 0.0000000000000E+00
 0.0000000000000E+00 0.0000000000000E+00 0.0000000000000E+00 0.0000000000000E+00
 0.0000000000000E+00 0.0000000000000E+00 0.0000000000000E+00 0.0000000000000E+00
 0.0000000000000E+00 0.0000000000000E+00 0.0000000000000E+00 0.0000000000000E+00
-4.1196689806400E-01-5.7177980946294E-04 5.3852689072196E-02-5.1629519171976E-02
-1.0964743046742E-03 3.3818771760313E-04-1.0614134200209E-02 1.3526701642492E-03
 5.7480191551524E-05 0.0000000000000E+00 0.0000000000000E+00 0.0000000000000E+00
 0.0000000000000E+00 0.0000000000000E+00 0.0000000000000E+00 0.0000000000000E+00
 0.0000000000000E+00 0.0000000000000E+00 0.0000000000000E+00 0.0000000000000E+00
 0.0000000000000E+00 0.0000000000000E+00 0.0000000000000E+00 0.0000000000000E+00
 0.0000000000000E+00 0.0000000000000E+00 1.2564518600000E-03 9.2478155548350E-05
 1.0015442459421E-04 1.2551558155799E-03 1.4873397759133E-04 3.7524824910000E-03
 2.7619256196731E-04 2.9911828610108E-04 3.7486117630772E-03 4.4420455949552E-04
-1.1450377380000E-03-8.4277783516576E-05-9.1273370451469E-05-1.1438566183176E-03
-1.3554519877481E-04 0.0000000000000E+00 0.0000000000000E+00 0.0000000000000E+00
 0.0000000000000E+00 0.0000000000000E+00 0.0000000000000E+00 0.0000000000000E+00
 0.0000000000000E+00 0.0000000000000E+00 0.0000000000000E+00 0.0000000000000E+00
 0.0000000000000E+00 0.0000000000000E+00 0.0000000000000E+00-1.7024816459100E-01
 2.3088351329691E-03-2.7714441976842E-01 1.5009240611069E-02-8.9680983576755E-04
 5.8009899633576E-04-6.4352032918563E-03 1.6742971417992E-03 1.3492819888327E-04
 0.0000000000000E+00 0.0000000000000E+00 0.0000000000000E+00 0.0000000000000E+00
 0.0000000000000E+00 0.0000000000000E+00 0.0000000000000E+00 0.0000000000000E+00
 0.0000000000000E+00 0.0000000000000E+00 0.0000000000000E+00 0.0000000000000E+00
 0.0000000000000E+00 0.0000000000000E+00 0.0000000000000E+00 0.0000000000000E+00
 0.0000000000000E+00 3.3394670500000E-05-3.5190684380415E-03-3.4727772844278E-05
 7.1492842738146E-05-3.5871365556076E-03 9.9735550000000E-05-1.0509947194650E-02
-1.0371695692469E-04 2.1351843946142E-04-1.0713237448874E-02-3.0433444500000E-05
 3.2070199371326E-03 3.1648337196841E-05-6.5153314213915E-05 3.2690522075085E-03
 0.0000000000000E+00 0.0000000000000E+00 0.0000000000000E+00 0.0000000000000E+00
 0.0000000000000E+00 0.0000000000000E+00 0.0000000000000E+00 0.0000000000000E+00
 0.0000000000000E+00 0.0000000000000E+00 0.0000000000000E+00 0.0000000000000E+00
 0.0000000000000E+00 0.0000000000000E+00-4.5249496480000E-03 2.3919557792396E-02
-7.1127834330659E-03-5.7261144423331E-04 4.5722700353449E-02-1.4091624141756E-02
-6.2051719721091E-04 1.4636148772287E-04-2.3934911235606E-03 0.0000000000000E+00
 0.0000000000000E+00 0.0000000000000E+00 0.0000000000000E+00 0.0000000000000E+00
 0.0000000000000E+00 0.0000000000000E+00 0.0000000000000E+00 0.0000000000000E+00
 0.0000000000000E+00 0.0000000000000E+00 0.0000000000000E+00 0.0000000000000E+00
 0.0000000000000E+00 0.0000000000000E+00 0.0000000000000E+00 0.0000000000000E+00
 4.5475246700000E-04-1.6146308397993E-04-1.7852869116122E-03-1.3306449654528E-03
 1.2040467929039E-04 1.3509043565000E-03-4.7964815949371E-04-5.3034387760792E-03
-3.9528627373870E-03 3.5767855497817E-04-4.1477962950000E-04 1.4727044488841E-04
 1.6283598158178E-03 1.2136809929673E-03-1.0982108155764E-04 0.0000000000000E+00
 0.0000000000000E+00 0.0000000000000E+00 0.0000000000000E+00 0.0000000000000E+00
 0.0000000000000E+00 0.0000000000000E+00 0.0000000000000E+00 0.0000000000000E+00
 0.0000000000000E+00 0.0000000000000E+00 0.0000000000000E+00 0.0000000000000E+00
 0.0000000000000E+00-6.9112980273700E-01 1.4382010985265E-02-6.3299529783334E-02
-9.6940525351278E-03 2.6866550999867E-03 1.5185069136501E-04 9.1178119233228E-03
-3.5372221294294E-03 8.4831715782810E-05 0.0000000000000E+00 0.0000000000000E+00
 0.0000000000000E+00 0.0000000000000E+00 0.0000000000000E+00 0.0000000000000E+00
 0.0000000000000E+00 0.0000000000000E+00 0.0000000000000E+00 0.0000000000000E+00
 0.0000000000000E+00 0.0000000000000E+00 0.0000000000000E+00 0.0000000000000E+00
 0.0000000000000E+00 0.0000000000000E+00 0.0000000000000E+00-3.2205000000000E-05
-2.5486607117467E-03 9.9250023872734E-05 6.7585400202150E-05 2.5011276777040E-03
-9.5669354000000E-05-7.5711449847169E-03 2.9483576103451E-04 2.0077166788664E-04
 7.4299416106985E-03 2.9374173500000E-05 2.3246328989918E-03-9.0525926442123E-05
-6.1644628744965E-05-2.2812780287583E-03 0.0000000000000E+00 0.0000000000000E+00
 0.0000000000000E+00 0.0000000000000E+00 0.0000000000000E+00 0.0000000000000E+00
 0.0000000000000E+00 0.0000000000000E+00 0.0000000000000E+00 0.0000000000000E+00
 0.0000000000000E+00 0.0000000000000E+00 0.0000000000000E+00 0.0000000000000E+00
 4.8944946840000E-02 1.9352228430075E-01 6.5483263155005E-03-1.8485819311369E-04
 4.0840218102825E-02 6.2606118869239E-03-4.4589365981238E-04 1.0895571184228E-04
 3.3249651137202E-03 0.0000000000000E+00 0.0000000000000E+00 0.0000000000000E+00
 0.0000000000000E+00 0.0000000000000E+00 0.0000000000000E+00 0.0000000000000E+00
 0.0000000000000E+00 0.0000000000000E+00 0.0000000000000E+00 0.0000000000000E+00
 0.0000000000000E+00 0.0000000000000E+00 0.0000000000000E+00 0.0000000000000E+00
 0.0000000000000E+00 0.0000000000000E+00 0.0000000000000E+00 0.0000000000000E+00
 0.0000000000000E+00 0.0000000000000E+00 0.0000000000000E+00 0.0000000000000E+00
 0.0000000000000E+00 0.0000000000000E+00 0.0000000000000E+00 0.0000000000000E+00
 0.0000000000000E+00 0.0000000000000E+00 0.0000000000000E+00 0.0000000000000E+00
 0.0000000000000E+00 0.0000000000000E+00 0.0000000000000E+00 0.0000000000000E+00
 0.0000000000000E+00 0.0000000000000E+00 0.0000000000000E+00 0.0000000000000E+00
 0.0000000000000E+00 0.0000000000000E+00 0.0000000000000E+00 0.0000000000000E+00
 0.0000000000000E+00 0.0000000000000E+00 0.0000000000000E+00 5.3309938997200E-01
 3.2660376013440E-03-1.0240417772226E-01-3.4152304931141E-02-9.5314488413559E-04
 1.1013941439081E-04-2.8297774101959E-03-4.3385415132694E-03-2.2712362816902E-04
 0.0000000000000E+00 0.0000000000000E+00 0.0000000000000E+00 0.0000000000000E+00
 0.0000000000000E+00 0.0000000000000E+00 0.0000000000000E+00 0.0000000000000E+00
 0.0000000000000E+00 0.0000000000000E+00 0.0000000000000E+00 0.0000000000000E+00
 0.0000000000000E+00 0.0000000000000E+00 0.0000000000000E+00 0.0000000000000E+00
 0.0000000000000E+00 0.0000000000000E+00 0.0000000000000E+00 0.0000000000000E+00
 0.0000000000000E+00 0.0000000000000E+00 0.0000000000000E+00 0.0000000000000E+00
 0.0000000000000E+00 0.0000000000000E+00 0.0000000000000E+00 0.0000000000000E+00
 0.0000000000000E+00 0.0000000000000E+00 0.0000000000000E+00 0.0000000000000E+00
 0.0000000000000E+00 0.0000000000000E+00 0.0000000000000E+00 0.0000000000000E+00
 0.0000000000000E+00 0.0000000000000E+00 0.0000000000000E+00 0.0000000000000E+00
 0.0000000000000E+00 0.0000000000000E+00 0.0000000000000E+00 0.0000000000000E+00
 0.0000000000000E+00 0.0000000000000E+00-5.1855096180000E-03 2.2395323349699E-01
 3.3742515163681E-03 8.2947363757721E-04-2.3405645510094E-02 2.0507873098601E-03
 9.2901873881387E-05 2.2869362804769E-04-4.3864757054029E-03 0.0000000000000E+00
 0.0000000000000E+00 0.0000000000000E+00 0.0000000000000E+00 0.0000000000000E+00
 0.0000000000000E+00 0.0000000000000E+00 0.0000000000000E+00 0.0000000000000E+00
 0.0000000000000E+00 0.0000000000000E+00 0.0000000000000E+00 0.0000000000000E+00
 0.0000000000000E+00 0.0000000000000E+00 0.0000000000000E+00 0.0000000000000E+00
 0.0000000000000E+00 0.0000000000000E+00 0.0000000000000E+00 0.0000000000000E+00
 0.0000000000000E+00 0.0000000000000E+00 0.0000000000000E+00 0.0000000000000E+00
 0.0000000000000E+00 0.0000000000000E+00 0.0000000000000E+00 0.0000000000000E+00
 0.0000000000000E+00 0.0000000000000E+00 0.0000000000000E+00 0.0000000000000E+00
 0.0000000000000E+00 0.0000000000000E+00 0.0000000000000E+00 0.0000000000000E+00
 0.0000000000000E+00 0.0000000000000E+00 0.0000000000000E+00 0.0000000000000E+00
 0.0000000000000E+00 0.0000000000000E+00 0.0000000000000E+00 0.0000000000000E+00
 0.0000000000000E+00-1.5249138880000E-03 1.0767666907367E-01 1.7413372292890E-03
 1.0443302240053E-03-3.5180816287449E-02-1.2413894026855E-02-4.9305215740841E-04
-1.8513699361001E-04 3.6690779389519E-03 0.0000000000000E+00 0.0000000000000E+00
 0.0000000000000E+00 0.0000000000000E+00 0.0000000000000E+00 0.0000000000000E+00
 0.0000000000000E+00 0.0000000000000E+00 0.0000000000000E+00 0.0000000000000E+00
 0.0000000000000E+00 0.0000000000000E+00 0.0000000000000E+00 0.0000000000000E+00
 0.0000000000000E+00 0.0000000000000E+00 0.0000000000000E+00 0.0000000000000E+00
 0.0000000000000E+00 0.0000000000000E+00 0.0000000000000E+00 0.0000000000000E+00
 0.0000000000000E+00 0.0000000000000E+00 0.0000000000000E+00 0.0000000000000E+00
 0.0000000000000E+00 0.0000000000000E+00 0.0000000000000E+00 0.0000000000000E+00
 0.0000000000000E+00 0.0000000000000E+00 0.0000000000000E+00 0.0000000000000E+00
 0.0000000000000E+00 0.0000000000000E+00 0.0000000000000E+00 0.0000000000000E+00
 0.0000000000000E+00 0.0000000000000E+00 0.0000000000000E+00 0.0000000000000E+00
 0.0000000000000E+00 0.0000000000000E+00 0.0000000000000E+00 0.0000000000000E+00
 1.9223781392200E-01 1.6546252310183E-03-7.5379514825181E-02-3.7441446349026E-02
-1.0744026555428E-03-4.8980783249676E-04 1.2278281756935E-02 3.6761954400326E-03
 1.8538290178372E-04 0.0000000000000E+00 0.0000000000000E+00 0.0000000000000E+00
 0.0000000000000E+00 0.0000000000000E+00 1.0893137976000E-02-1.0259627269410E+00
-1.0059752952390E+00-1.3531021749000E-02 1.2744100003880E+00 1.2495824095080E+00
 8.2877934720000E-03-7.8058014229100E-01-7.6537316461800E-01-2.7324297440000E-03
 2.5735202079700E-01 2.5233838257800E-01 0.0000000000000E+00 0.0000000000000E+00
 0.0000000000000E+00 0.0000000000000E+00 0.0000000000000E+00 0.0000000000000E+00
 0.0000000000000E+00 0.0000000000000E+00 0.0000000000000E+00 0.0000000000000E+00
 0.0000000000000E+00 0.0000000000000E+00 0.0000000000000E+00 0.0000000000000E+00
 0.0000000000000E+00-6.8062178940000E-03-9.7316964768813E-05 9.1657315619089E-03
-3.1579651226688E-03-6.7066818852799E-05 1.7099194940329E-05-5.3666393136278E-04
 3.1906446480000E-03 4.5620616019820E-05-4.2967464179055E-03 1.4804028720171E-03
 3.1439837875688E-05-8.0158254768759E-06 2.5157935392185E-04 0.0000000000000E+00
 0.0000000000000E+00 0.0000000000000E+00 0.0000000000000E+00 0.0000000000000E+00
 0.0000000000000E+00 0.0000000000000E+00 0.0000000000000E+00 0.0000000000000E+00
 0.0000000000000E+00 0.0000000000000E+00 0.0000000000000E+00 0.0000000000000E+00
 0.0000000000000E+00 7.0559723122200E-01-8.7142300469600E-01 8.9637756958800E-01
-8.8046249008500E-01 1.0873841827630E+00-1.1185231348050E+00 5.3894481828800E-01
-6.6560481268300E-01 6.8466545074500E-01-1.7753378493000E-01 2.1925684718200E-01
-2.2553561098800E-01 0.0000000000000E+00 0.0000000000000E+00 0.0000000000000E+00
 0.0000000000000E+00 0.0000000000000E+00 0.0000000000000E+00 0.0000000000000E+00
 0.0000000000000E+00 0.0000000000000E+00 0.0000000000000E+00 0.0000000000000E+00
 0.0000000000000E+00 0.0000000000000E+00 0.0000000000000E+00 0.0000000000000E+00
-1.6848138280000E-02-2.1076447289524E-03-6.9460160146121E-03-8.7842553204663E-04
-1.5223206900111E-03 3.9853371802469E-04-4.7136797956592E-04 7.8857161820000E-03
 9.8647624270288E-04 3.2510601452659E-03 4.1114420581212E-04 7.1251723486038E-04
-1.8653240714118E-04 2.2062224578012E-04 0.0000000000000E+00 0.0000000000000E+00
 0.0000000000000E+00 0.0000000000000E+00 0.0000000000000E+00 0.0000000000000E+00
 0.0000000000000E+00 0.0000000000000E+00 0.0000000000000E+00 0.0000000000000E+00
 0.0000000000000E+00 0.0000000000000E+00 0.0000000000000E+00 0.0000000000000E+00
 1.2501009430690E+00 5.0078207505300E-01-4.9719533236600E-01-1.5599083166560E+00
-6.2488883640800E-01 6.2041320603800E-01 9.5484420260000E-01 3.8250419998600E-01
-3.7976459685300E-01-3.1453517976900E-01-1.2600068888500E-01 1.2509823635700E-01
 0.0000000000000E+00 0.0000000000000E+00 0.0000000000000E+00 0.0000000000000E+00
 0.0000000000000E+00 0.0000000000000E+00 0.0000000000000E+00 0.0000000000000E+00
 0.0000000000000E+00 0.0000000000000E+00 0.0000000000000E+00 0.0000000000000E+00
 0.0000000000000E+00 0.0000000000000E+00 0.0000000000000E+00 9.3451866670000E-03
-3.9730922522428E-03 3.7981623917433E-03 5.6248927151553E-04-2.6989642377977E-03
 6.8217948210947E-04 2.9023339581903E-04-4.3739841460000E-03 1.8595928729321E-03
-1.7777175221205E-03-2.6327126929128E-04 1.2632414104726E-03-3.1929188209854E-04
-1.3584279449720E-04 0.0000000000000E+00 0.0000000000000E+00 0.0000000000000E+00
 0.0000000000000E+00 0.0000000000000E+00 0.0000000000000E+00 0.0000000000000E+00
 0.0000000000000E+00 0.0000000000000E+00 0.0000000000000E+00 0.0000000000000E+00
 0.0000000000000E+00 0.0000000000000E+00 0.0000000000000E+00-3.1595319100000E-04
 2.9757834488000E-02 2.9178103208000E-02 4.5286611000000E-04-4.2652883842000E-02
-4.1821935914000E-02-2.8454812700000E-04 2.6799970105000E-02 2.6277862861000E-02
 9.0171038000000E-05-8.4926973380000E-03-8.3272457060000E-03 0.0000000000000E+00
 0.0000000000000E+00 0.0000000000000E+00 0.0000000000000E+00 0.0000000000000E+00
 0.0000000000000E+00 0.0000000000000E+00 0.0000000000000E+00 0.0000000000000E+00
 0.0000000000000E+00 0.0000000000000E+00 0.0000000000000E+00 0.0000000000000E+00
 0.0000000000000E+00 0.0000000000000E+00-2.2694926962700E-01-3.2449760528365E-03
 3.0562584329600E-01-1.0530046043881E-01-2.2363030103089E-03 5.7016244094475E-04
-1.7894738186585E-02 1.0322335148600E-01 1.4759126751404E-03-1.3900782275092E-01
 4.7893815465445E-02 1.0171378478448E-03-2.5932702115190E-04 8.1390649664298E-03
 0.0000000000000E+00 0.0000000000000E+00 0.0000000000000E+00 0.0000000000000E+00
 0.0000000000000E+00 0.0000000000000E+00 0.0000000000000E+00 0.0000000000000E+00
 0.0000000000000E+00 0.0000000000000E+00 0.0000000000000E+00 0.0000000000000E+00
 0.0000000000000E+00 0.0000000000000E+00-3.5000088050000E-02 6.0001165060000E-03
-6.4983272570000E-03 4.8839972789000E-02-8.3727082770000E-03 9.0679236570000E-03
-3.1936017966000E-02 5.4748384710000E-03-5.9294335420000E-03 9.4086367330000E-03
-1.6129364160000E-03 1.7468641920000E-03 0.0000000000000E+00 0.0000000000000E+00
 0.0000000000000E+00 0.0000000000000E+00 0.0000000000000E+00 0.0000000000000E+00
 0.0000000000000E+00 0.0000000000000E+00 0.0000000000000E+00 0.0000000000000E+00
 0.0000000000000E+00 0.0000000000000E+00 0.0000000000000E+00 0.0000000000000E+00
 0.0000000000000E+00-1.8875818416200E-01-1.6829142876410E-01-7.9355838169846E-02
-7.7241832470812E-03-1.1675045873533E-01 2.9878229074969E-02-4.4712554862267E-03
 8.5847167834000E-02 7.6538893368861E-02 3.6091012361845E-02 3.5129563178533E-03
 5.3098075032876E-02-1.3588609984587E-02 2.0335257083310E-03 0.0000000000000E+00
 0.0000000000000E+00 0.0000000000000E+00 0.0000000000000E+00 0.0000000000000E+00
 0.0000000000000E+00 0.0000000000000E+00 0.0000000000000E+00 0.0000000000000E+00
 0.0000000000000E+00 0.0000000000000E+00 0.0000000000000E+00 0.0000000000000E+00
 0.0000000000000E+00 8.8405179190000E-03 2.4552728623000E-02-2.4944830703000E-02
-1.2336273383000E-02-3.4261473747000E-02 3.4808622510000E-02 8.0665779670000E-03
 2.2403268853000E-02-2.2761044497000E-02-2.3764860680000E-03-6.6002035220000E-03
 6.7056074290000E-03 0.0000000000000E+00 0.0000000000000E+00 0.0000000000000E+00
 0.0000000000000E+00 0.0000000000000E+00 0.0000000000000E+00 0.0000000000000E+00
 0.0000000000000E+00 0.0000000000000E+00 0.0000000000000E+00 0.0000000000000E+00
 0.0000000000000E+00 0.0000000000000E+00 0.0000000000000E+00 0.0000000000000E+00
-7.2457738141100E-01 4.7216896220021E-02-2.9725926551939E-01-3.9795363727016E-02
 2.9526543017279E-02-7.0759195185521E-03-2.1043380703417E-02 3.2953758453700E-01
-2.1474230812346E-02 1.3519342840919E-01 1.8098919970219E-02-1.3428663266763E-02
 3.2181261606204E-03 9.5705234877726E-03 0.0000000000000E+00 0.0000000000000E+00
 0.0000000000000E+00 0.0000000000000E+00 0.0000000000000E+00 0.0000000000000E+00
 0.0000000000000E+00 0.0000000000000E+00 0.0000000000000E+00 0.0000000000000E+00
 0.0000000000000E+00 0.0000000000000E+00 0.0000000000000E+00 0.0000000000000E+00
 0.0000000000000E+00 0.0000000000000E+00 0.0000000000000E+00 0.0000000000000E+00
 0.0000000000000E+00 0.0000000000000E+00 0.0000000000000E+00 0.0000000000000E+00
 0.0000000000000E+00 0.0000000000000E+00 0.0000000000000E+00 0.0000000000000E+00
 0.0000000000000E+00 0.0000000000000E+00 0.0000000000000E+00 0.0000000000000E+00
 0.0000000000000E+00 0.0000000000000E+00 0.0000000000000E+00 0.0000000000000E+00
 0.0000000000000E+00 0.0000000000000E+00 0.0000000000000E+00 0.0000000000000E+00
 0.0000000000000E+00 0.0000000000000E+00 0.0000000000000E+00-3.1594453422300E-01
 3.5077104059833E-01 5.3277732090324E-02 9.6554495243619E-03 2.9784917613437E-03
 3.4614007051752E-02 1.6807237811992E-02 1.4365713221200E-01-1.5949243078157E-01
-2.4224904607511E-02-4.3902458775482E-03-1.3542933598298E-03-1.5738677042309E-02
-7.6420995552975E-03 0.0000000000000E+00 0.0000000000000E+00 0.0000000000000E+00
 0.0000000000000E+00 0.0000000000000E+00 0.0000000000000E+00 0.0000000000000E+00
 0.0000000000000E+00 0.0000000000000E+00 0.0000000000000E+00 0.0000000000000E+00
 0.0000000000000E+00 0.0000000000000E+00 0.0000000000000E+00 0.0000000000000E+00
 0.0000000000000E+00 0.0000000000000E+00 0.0000000000000E+00 0.0000000000000E+00
 0.0000000000000E+00 0.0000000000000E+00 0.0000000000000E+00 0.0000000000000E+00
 0.0000000000000E+00 0.0000000000000E+00 0.0000000000000E+00 0.0000000000000E+00
 0.0000000000000E+00 0.0000000000000E+00 0.0000000000000E+00 0.0000000000000E+00
 0.0000000000000E+00 0.0000000000000E+00 0.0000000000000E+00 0.0000000000000E+00
 0.0000000000000E+00 0.0000000000000E+00 0.0000000000000E+00 0.0000000000000E+00
 0.0000000000000E+00 0.0000000000000E+00-7.5257090829200E-01-1.4873474629947E-01
 1.1645566981100E-01 2.3163958918091E-02-6.7240335348980E-04-1.5932180898841E-02
 3.6899721840772E-02 3.4218720933800E-01 6.7628348647330E-02-5.2951343488227E-02
-1.0532443351311E-02 3.0573574468362E-04 7.2442190634351E-03-1.6777970956544E-02
 0.0000000000000E+00 0.0000000000000E+00 0.0000000000000E+00 0.0000000000000E+00
 0.0000000000000E+00 0.0000000000000E+00 0.0000000000000E+00 0.0000000000000E+00
 0.0000000000000E+00-1.6354778930000E-03-4.9821402240000E-03-1.6072610981000E-02
 1.9438798706000E-02-6.8938272620000E-03 0.0000000000000E+00 0.0000000000000E+00
 0.0000000000000E+00 0.0000000000000E+00 0.0000000000000E+00 0.0000000000000E+00
 0.0000000000000E+00 0.0000000000000E+00 0.0000000000000E+00 0.0000000000000E+00
 0.0000000000000E+00 0.0000000000000E+00 1.6123328768800E-01-2.1829474008369E-02
 2.0559940330679E+00-5.2415190095912E-01-2.2263197504076E-02-1.2816274042050E-01
 1.7352032269876E-02-1.6342892546831E+00 4.1664314476658E-01 1.7696794771294E-02
 4.5640518672000E-02-6.1792979000556E-03 5.8199293335679E-01-1.4837236755382E-01
-6.3020725808391E-03 0.0000000000000E+00 0.0000000000000E+00 0.0000000000000E+00
 0.0000000000000E+00 0.0000000000000E+00 0.0000000000000E+00 0.0000000000000E+00
 0.0000000000000E+00 0.0000000000000E+00 0.0000000000000E+00 0.0000000000000E+00
 0.0000000000000E+00 0.0000000000000E+00 0.0000000000000E+00-1.1198485800000E-03
-1.5542676918947E-06 1.4638762902792E-04-1.4034439172889E-04-2.9805433318946E-06
 9.1929482578430E-07-2.8852374223415E-05 3.6769598925078E-06 1.5624825907644E-07
 0.0000000000000E+00 0.0000000000000E+00 0.0000000000000E+00 0.0000000000000E+00
 0.0000000000000E+00 0.0000000000000E+00 0.0000000000000E+00 0.0000000000000E+00
 0.0000000000000E+00 0.0000000000000E+00 0.0000000000000E+00 0.0000000000000E+00
 0.0000000000000E+00 0.0000000000000E+00 0.0000000000000E+00 0.0000000000000E+00
 0.0000000000000E+00 0.0000000000000E+00 0.0000000000000E+00 0.0000000000000E+00
 0.0000000000000E+00 0.0000000000000E+00 0.0000000000000E+00 0.0000000000000E+00
 0.0000000000000E+00 0.0000000000000E+00 0.0000000000000E+00 0.0000000000000E+00
 0.0000000000000E+00 0.0000000000000E+00 0.0000000000000E+00 0.0000000000000E+00
-9.4541811024000E-02 2.2807222439610E-01 4.8771543082381E-02 2.9528094590050E-02
-8.9037708293448E-02-3.6561474111673E-02-1.1745573539450E-02 4.2970027263000E-02
-1.0366069354938E-01-2.2167065694795E-02-1.3420760780936E-02 4.0468367501497E-02
 1.6617489366099E-02 5.3384593518799E-03 0.0000000000000E+00 0.0000000000000E+00
 0.0000000000000E+00 0.0000000000000E+00 0.0000000000000E+00 0.0000000000000E+00
 0.0000000000000E+00 0.0000000000000E+00 0.0000000000000E+00 0.0000000000000E+00
 0.0000000000000E+00 0.0000000000000E+00 0.0000000000000E+00 0.0000000000000E+00
 0.0000000000000E+00 0.0000000000000E+00 0.0000000000000E+00 0.0000000000000E+00
 0.0000000000000E+00 0.0000000000000E+00 0.0000000000000E+00 0.0000000000000E+00
 0.0000000000000E+00 0.0000000000000E+00 0.0000000000000E+00 0.0000000000000E+00
 0.0000000000000E+00 1.7320508075689E-12 0.0000000000000E+00 0.0000000000000E+00
 1.7320508075689E-12 0.0000000000000E+00-1.7320508075689E-12 0.0000000000000E+00
 0.0000000000000E+00-1.7320508075689E-12 0.0000000000000E+00 0.0000000000000E+00
 0.0000000000000E+00 0.0000000000000E+00 0.0000000000000E+00-3.2642992274500E-01
-6.7896592967167E-02 1.5931437634828E-01 9.4830152207639E-02 2.7982985989245E-02
 1.1849421178122E-02-3.6154873793956E-02 1.4836507284700E-01 3.0859557472207E-02
-7.2409688590274E-02-4.3101080691701E-02-1.2718496269739E-02-5.3856589540464E-03
 1.6432686192258E-02 0.0000000000000E+00 0.0000000000000E+00 0.0000000000000E+00
 0.0000000000000E+00 0.0000000000000E+00 0.0000000000000E+00 0.0000000000000E+00
 0.0000000000000E+00 0.0000000000000E+00 0.0000000000000E+00 0.0000000000000E+00
 0.0000000000000E+00 0.0000000000000E+00 0.0000000000000E+00 0.0000000000000E+00
 0.0000000000000E+00 0.0000000000000E+00 0.0000000000000E+00 0.0000000000000E+00
 0.0000000000000E+00 0.0000000000000E+00 0.0000000000000E+00 0.0000000000000E+00
 0.0000000000000E+00 0.0000000000000E+00 0.0000000000000E+00-7.8329396722500E-02
 1.6479666544583E+00 1.1314662943120E-02-9.6155927299423E-02 1.6771269579576E+00
 6.2293624548500E-02-1.3105911744097E+00-8.9982994227958E-03 7.6470667257971E-02
-1.3337817142822E+00-2.2172695685000E-02 4.6648978106312E-01 3.2028406803993E-03
-2.7218850182676E-02 4.7474418570155E-01 0.0000000000000E+00 0.0000000000000E+00
 0.0000000000000E+00-1.2909944487358E-13 0.0000000000000E+00 0.0000000000000E+00
 5.2704627669473E-14 0.0000000000000E+00 0.0000000000000E+00 0.0000000000000E+00
 0.0000000000000E+00 0.0000000000000E+00 0.0000000000000E+00 0.0000000000000E+00
-5.5769170000000E-05 5.9627737745825E-05-9.0160724211934E-05 2.5193456654057E-06
 1.1258835496055E-04-3.4619886929051E-05-3.2171305523985E-06 7.9980706652803E-07
-5.8707226925084E-06 0.0000000000000E+00 0.0000000000000E+00 0.0000000000000E+00
 0.0000000000000E+00 0.0000000000000E+00 0.0000000000000E+00 0.0000000000000E+00
 0.0000000000000E+00 0.0000000000000E+00 0.0000000000000E+00 0.0000000000000E+00
 0.0000000000000E+00 0.0000000000000E+00 0.0000000000000E+00 0.0000000000000E+00
 0.0000000000000E+00 0.0000000000000E+00-5.8837297427450E-01-2.1889008240246E-01
-4.8764711973752E-02-5.8586475792203E-01-2.4870208108250E-01 4.6791992135250E-01
 1.7407840709950E-01 3.8781489275873E-02 4.6592519275357E-01 1.9778722563563E-01
-1.6655068791000E-01-6.1961197054973E-02-1.3803822880669E-02-1.6584068731949E-01
-7.0400076991478E-02 0.0000000000000E+00 0.0000000000000E+00 0.0000000000000E+00
 0.0000000000000E+00 0.0000000000000E+00 0.0000000000000E+00 0.0000000000000E+00
 0.0000000000000E+00 0.0000000000000E+00 0.0000000000000E+00 0.0000000000000E+00
 0.0000000000000E+00 0.0000000000000E+00 0.0000000000000E+00-4.1891133700000E-04
-5.6954581271782E-07-6.8200581377322E-04 3.7186157279965E-05-1.4191895767923E-05
 5.1233150232961E-06-1.5716652482856E-05 4.0930760268832E-06 9.6001763412511E-07
 0.0000000000000E+00 0.0000000000000E+00 0.0000000000000E+00 0.0000000000000E+00
 0.0000000000000E+00 0.0000000000000E+00 0.0000000000000E+00 0.0000000000000E+00
 0.0000000000000E+00 0.0000000000000E+00 0.0000000000000E+00 0.0000000000000E+00
 0.0000000000000E+00 0.0000000000000E+00 0.0000000000000E+00 0.0000000000000E+00
 0.0000000000000E+00-1.4165359082050E-01-1.5044085781637E+00 5.3960276200664E-01
 3.9830700638674E-01 1.4865662797519E+00 1.1282009614750E-01 1.1981872076131E+00
-4.2976697688090E-01-3.1723187881436E-01-1.1839766972370E+00-4.0096731203000E-02
-4.2584071486290E-01 1.5274097027231E-01 1.1274552857292E-01 4.2079024039600E-01
 0.0000000000000E+00 0.0000000000000E+00 0.0000000000000E+00 0.0000000000000E+00
 0.0000000000000E+00 0.0000000000000E+00 0.0000000000000E+00 0.0000000000000E+00
 0.0000000000000E+00 0.0000000000000E+00 0.0000000000000E+00 0.0000000000000E+00
 0.0000000000000E+00 0.0000000000000E+00-5.6875259600000E-04-3.0027872282077E-04
-5.5405052569189E-05-6.5795344691549E-06-6.3616871638695E-05-9.9365867891479E-06
 7.1827548539178E-06-2.6838009780887E-06-5.2742800374561E-06 0.0000000000000E+00
 0.0000000000000E+00 0.0000000000000E+00 0.0000000000000E+00 0.0000000000000E+00
 0.0000000000000E+00 0.0000000000000E+00 0.0000000000000E+00 0.0000000000000E+00
 0.0000000000000E+00 0.0000000000000E+00 0.0000000000000E+00 0.0000000000000E+00
 0.0000000000000E+00 0.0000000000000E+00 0.0000000000000E+00 0.0000000000000E+00
-2.6751698920900E-01 7.8234117982830E-01 1.0575277743803E+00 7.8993281755483E-01
-7.4464499147881E-01 2.1306408308350E-01-6.2309615038535E-01-8.4226869572011E-01
-6.2914251527646E-01 5.9307299622915E-01-7.5723860908500E-02 2.2145096227193E-01
 2.9934579605996E-01 2.2359986549101E-01-2.1078060846808E-01 0.0000000000000E+00
 0.0000000000000E+00 0.0000000000000E+00 0.0000000000000E+00 0.0000000000000E+00
 0.0000000000000E+00 0.0000000000000E+00 0.0000000000000E+00 0.0000000000000E+00
 0.0000000000000E+00 0.0000000000000E+00 0.0000000000000E+00 0.0000000000000E+00
 0.0000000000000E+00-1.0741060720000E-03 1.6034177719012E-04-9.6910636551656E-05
-1.5683905119563E-05 3.3278854630292E-05 4.6843549259814E-06 1.4312005498344E-05
-5.5977059636580E-06 2.4945407332333E-06-9.8511407836890E+00-1.0602253760065E+01
-2.0879957215340E+00 1.5238266278910E+00-5.0160570708100E-01 0.0000000000000E+00
 0.0000000000000E+00 0.0000000000000E+00 0.0000000000000E+00 0.0000000000000E+00
 0.0000000000000E+00 0.0000000000000E+00 0.0000000000000E+00 0.0000000000000E+00
 0.0000000000000E+00 0.0000000000000E+00 0.0000000000000E+00 1.7980554500000E-05
-2.4343991420889E-06 2.2928213610397E-04-5.8452828899463E-05-2.4827666608902E-06
 5.2503100000000E-05-7.1084265809047E-06 6.6950232229483E-04-1.7068187417374E-04
-7.2496614678554E-06-4.4941092000000E-05 6.0846026882967E-06-5.7307407072730E-04
 1.4609860686199E-04 6.2054946385126E-06 0.0000000000000E+00 0.0000000000000E+00
 0.0000000000000E+00 0.0000000000000E+00 0.0000000000000E+00 0.0000000000000E+00
 0.0000000000000E+00 0.0000000000000E+00 0.0000000000000E+00 0.0000000000000E+00
 0.0000000000000E+00 0.0000000000000E+00 0.0000000000000E+00 0.0000000000000E+00
 2.8592300000000E-07 3.9686584635113E-10-3.7375908348828E-08 3.5833063875033E-08
 7.6100846834243E-10-2.3472297839645E-10 7.3666520902948E-09-9.3881143205668E-10
-3.9891280823186E-11

EIGENVALUES
-----------
k 1 0.00000000 0.00000000 0.00000000
-1.1325418726419E+01-7.0554212710482E-01-4.3320654936253E-01-4.3320654936253E-01
 2.3640123763571E-02 3.1406434241301E-01 3.2118653572451E-01 3.2118653572451E-01
 3.7354408131427E-01 6.1798077164073E-01 6.1481215187842E-01 6.1481215187842E-01
 6.0660700728098E-01 6.0660700728098E-01 1.5213011740898E+00 1.4852972146520E+00
 1.4852972146520E+00 1.8829686199483E+00 1.8850305166678E+00 1.8850305166678E+00
 1.8911388587324E+00 1.8911388587324E+00 1.9015271830605E+00 1.9015271830605E+00
 1.9175097694582E+00 2.0695097470257E+00 2.0661900567872E+00 2.0661900567872E+00
 2.0575109249642E+00 2.0575109249642E+00 5.0740912875062E+00 5.0767098600935E+00
 5.0767098600935E+00 5.0845753524680E+00 5.0845753524681E+00 5.0977140270642E+00
 5.0977140270643E+00 5.1161595485678E+00 5.1161595485678E+00 5.7226530907360E+00
 5.7208930382681E+00 5.7208930382681E+00 6.2073517795113E+00 6.2109231802545E+00
 6.2109231802545E+00 6.2216401321526E+00 6.2216401321526E+00 6.2561548398308E+00
 6.2397499106359E+00 6.2397499106359E+00 6.2595424641669E+00 6.2595424641669E+00
 6.2697118497843E+00 6.2697118497843E+00 2.0165837316121E+01
