# system = Ar-gto
# path = examples/gwfn/Ar/HF/cc-pVQZ/CBCS/Slater
# vmc_method = 1
# steps per point = 1000000
# Performing time-step optimization.
# electrons = 18
# optimized DTVMC = 4.87680e-02
#       dtvmc   target  acc_ratio  diffusion   corr_E  corr_err  corr_r2   corr_TD  variance  decorr  ms_indep  us_move  us_energy  move_frac
 4.21515e-04     0.95    0.92096    0.00038    14.65      0.20  3695.80      2.05 140.06483       8     1.168    59.43     106.22    1.00000
 1.69273e-03     0.90    0.85057    0.00137     6.38      0.06  1988.96      1.20 139.88626       5     0.621    60.43     107.22    1.00000
 3.83400e-03     0.85    0.78955    0.00281     5.75      0.05   793.51      1.11 133.36850       4     0.602    61.59     118.50    1.00000
 6.88043e-03     0.80    0.73640    0.00462     5.74      0.05   517.13      1.02 130.86822       4     0.602    62.15     116.87    1.00000
 1.08839e-02     0.75    0.68911    0.00673     6.90      0.06   344.82      1.00 130.87177       5     0.671    60.46     115.81    1.00000
 1.59158e-02     0.70    0.64722    0.00909     8.13      0.08   239.37      1.01 128.14476       6     0.666    52.43     105.52    1.00000
 2.20719e-02     0.65    0.60907    0.01169    11.04      0.13   175.18      1.04 127.58271       7     0.836    52.49     102.89    1.00000
 2.94788e-02     0.60    0.57405    0.01451    12.96      0.16   140.40      1.02 145.10425       8     0.941    52.01     101.47    1.00000
 3.83034e-02     0.55    0.54132    0.01753    21.66      0.35   109.50      1.02 135.19184      11     1.533    55.06     112.39    1.00000
 4.87680e-02     0.50    0.51086    0.02077    25.24      0.44    98.10      1.05 136.22695      13     1.716    53.46     118.24    1.00000
 6.11723e-02     0.45    0.48185    0.02426    20.01      0.31    79.40      1.05 118.80525      11     1.373    52.15     113.78    1.00000
 7.59307e-02     0.40    0.45417    0.02797    33.02      0.66    64.73      1.04 141.25253      15     2.209    55.32     109.98    1.00000
 9.36323e-02     0.35    0.42718    0.03200    79.92      2.48    55.43      1.06 166.66076      27     4.655    52.26     104.72    0.99999
 1.15151e-01     0.30    0.40077    0.03639    43.26      0.99    47.59      1.06 128.24352      18     2.386    46.66      99.60    0.99999
 1.41855e-01     0.25    0.37418    0.04124    68.44      1.96    41.53      1.08 127.13494      25     3.587    46.21      99.65    0.99996
 1.76058e-01     0.20    0.34778    0.04671    72.30      2.13    37.06      1.14 127.28433      26     3.715    45.48      98.80    0.99988
 2.22140e-01     0.15    0.31931    0.05311   113.16      4.17    31.11      1.07 129.42443      35     5.538    44.61      99.18    0.99969
 2.90027e-01     0.10    0.28774    0.06093   157.87      6.88    27.60      1.15 128.50612      44     7.305    42.90      97.13    0.99919
 4.11794e-01     0.05    0.24789    0.07161   146.13      6.12    22.65      1.16 100.70061      42     7.724    48.77     112.27    0.99716
