# system = Ar-gto
# path = examples/gwfn/Ar/HF/cc-pVQZ/CBCS/Slater
# vmc_method = 4
# steps per point = 1000000
# Performing time-step optimization.
# electrons = 18
# optimized DTVMC = 1.65019e+00
#       dtvmc   target  acc_ratio  diffusion   corr_E  corr_err  corr_r2   corr_TD  variance  decorr  ms_indep  us_move  us_energy  move_frac
 1.42630e-02     0.95    0.94198    0.00067    45.64      1.07  1312.00      1.42 137.23762      17     3.812    73.17     114.08    1.00000
 5.72778e-02     0.90    0.88519    0.00254    12.12      0.15   390.35      1.08 145.06524       7     1.135    68.43     112.94    1.00000
 1.29733e-01     0.85    0.82975    0.00543     6.68      0.06   209.97      1.19 140.28825       5     0.678    66.10     102.30    1.00000
 2.32817e-01     0.80    0.77608    0.00918     4.75      0.04   114.89      1.11 134.81967       4     0.501    59.26     110.21    1.00000
 3.68283e-01     0.75    0.72457    0.01365     3.81      0.03    87.62      1.10 136.34909       3     0.464    65.60     112.68    1.00000
 5.38551e-01     0.70    0.67535    0.01869     3.60      0.02    61.59      1.06 138.95638       3     0.446    64.13     117.60    1.00000
 7.46860e-01     0.65    0.62810    0.02421     3.59      0.02    47.97      1.06 143.63241       3     0.450    65.55     116.47    1.00000
 9.97491e-01     0.60    0.58362    0.03009     3.85      0.03    39.06      1.08 131.44444       3     0.474    65.59     117.08    1.00000
 1.29609e+00     0.55    0.54123    0.03644     4.20      0.03    32.25      1.06 133.46053       3     0.490    63.36     114.70    1.00000
 1.65019e+00     0.50    0.50111    0.04291     4.75      0.04    27.64      1.08 137.02925       4     0.455    54.58      97.37    1.00000
 2.06992e+00     0.45    0.46292    0.04970     5.63      0.05    25.10      1.04 137.76580       4     0.491    51.23      97.49    0.99999
 2.56931e+00     0.40    0.42645    0.05667     6.70      0.06    22.48      1.01 137.27203       5     0.550    50.58      97.37    0.99997
 3.16829e+00     0.35    0.39108    0.06363     7.64      0.07    20.90      1.05 125.56562       6     0.612    49.51     105.79    0.99991
 3.89642e+00     0.30    0.35637    0.07086    13.10      0.16    19.32      1.05 147.30354       8     1.057    57.20     118.80    0.99977
 4.80001e+00     0.25    0.32180    0.07824    15.23      0.21    18.16      1.07 148.23241       9     1.180    56.93     114.67    0.99937
 5.95738e+00     0.20    0.28691    0.08543    17.69      0.26    17.20      1.01 140.03784      10     1.328    56.90     111.59    0.99824
 7.51666e+00     0.15    0.25148    0.09340    27.70      0.51    16.76      1.06 149.71425      13     1.971    57.23     118.91    0.99559
 9.81380e+00     0.10    0.21276    0.10088    33.65      0.68    16.62      1.13 138.62462      15     2.347    57.52     119.58    0.98815
 1.39341e+01     0.05    0.16706    0.10841    42.91      0.98    17.72      1.15 118.06285      18     2.661    52.32     113.52    0.96539
