# system = Be-gto
# path = examples/gwfn/Be/HF/cc-pVQZ/CBCS/Slater
# vmc_method = 4
# steps per point = 1000000
# Performing time-step optimization.
# electrons = 4
# optimized DTVMC = 1.03924e+00
#       dtvmc   target  acc_ratio  diffusion   corr_E  corr_err  corr_r2   corr_TD  variance  decorr  ms_indep  us_move  us_energy  move_frac
 8.98245e-03     0.95    0.94198    0.00316    49.36      1.20   992.77     11.95   2.98874      20     0.764    13.16      30.61    0.99999
 3.60719e-02     0.90    0.88567    0.01205    14.13      0.18   324.02      1.49   2.99206       8     0.263    13.97      23.51    0.99987
 8.17022e-02     0.85    0.83064    0.02570     7.47      0.07   143.21      2.68   2.82555       5     0.179    16.03      24.71    0.99942
 1.46622e-01     0.80    0.77778    0.04365     4.69      0.04    91.91      1.93   3.03544       4     0.120    15.08      23.59    0.99827
 2.31934e-01     0.75    0.72674    0.06495     3.80      0.03    60.88      1.46   2.93747       3     0.084    10.78      23.61    0.99605
 3.39164e-01     0.70    0.67805    0.08930     3.42      0.02    47.02      1.68   3.05110       3     0.106    16.26      27.37    0.99221
 4.70352e-01     0.65    0.63114    0.11648     3.42      0.02    36.08      1.10   2.97742       3     0.077    10.86      22.81    0.98649
 6.28192e-01     0.60    0.58592    0.14493     3.41      0.02    30.04      1.31   2.98067       3     0.104    14.98      30.01    0.97790
 8.16244e-01     0.55    0.54216    0.17622     3.90      0.03    26.45      1.16   2.85293       3     0.107    13.75      28.85    0.96660
 1.03924e+00     0.50    0.50041    0.20917     4.66      0.04    23.66      1.14   2.94690       4     0.111    13.42      24.36    0.95230
 1.30358e+00     0.45    0.46093    0.24403     5.23      0.04    20.15      1.01   2.82235       5     0.106    10.06      28.99    0.93363
 1.61808e+00     0.40    0.42368    0.28117     6.81      0.06    18.39      1.08   3.38325       5     0.131    11.75      23.36    0.91167
 1.99530e+00     0.35    0.38825    0.32049     7.83      0.08    16.81      1.07   2.78481       5     0.189    15.62      29.25    0.88559
 2.45385e+00     0.30    0.35426    0.36192    10.26      0.12    16.16      1.09   2.92609       7     0.245    15.64      36.09    0.85478
 3.02291e+00     0.25    0.32179    0.40634    13.24      0.17    15.47      1.03   3.09676       9     0.187     9.49      25.47    0.81918
 3.75179e+00     0.20    0.28867    0.44965    15.39      0.21    14.71      1.05   3.02303       9     0.244    11.10      28.54    0.77634
 4.73378e+00     0.15    0.25423    0.48842    20.60      0.33    14.23      1.03   2.78828      11     0.327    12.25      25.16    0.72207
 6.18046e+00     0.10    0.21461    0.51278    32.91      0.66    14.44      1.11   2.79309      16     0.619    14.92      40.58    0.64829
 8.77530e+00     0.05    0.16578    0.50467    45.11      1.05    15.80      1.04   2.92729      21     0.696    12.52      39.47    0.53704
