# system = Be-gto
# path = examples/gwfn/Be/HF/cc-pVQZ/CBCS/Slater
# vmc_method = 1
# steps per point = 1000000
# Performing time-step optimization.
# electrons = 4
# optimized DTVMC = 2.11541e-01
#       dtvmc   target  acc_ratio  diffusion   corr_E  corr_err  corr_r2   corr_TD  variance  decorr  ms_indep  us_move  us_energy  move_frac
 1.82841e-03     0.95    0.92744    0.00165    23.61      0.40  3630.24     17.03   2.82822      12     0.296     9.68      22.52    1.00000
 7.34257e-03     0.90    0.85943    0.00599     7.14      0.07  1027.09      1.75   3.06198       5     0.115     9.53      22.02    0.99991
 1.66308e-02     0.85    0.79751    0.01229     4.75      0.04   620.30      2.47   2.86807       4     0.143    15.67      36.30    0.99963
 2.98453e-02     0.80    0.74136    0.02007     4.24      0.03   317.56      1.46   2.73163       4     0.079     9.23      22.21    0.99892
 4.72110e-02     0.75    0.69172    0.02905     4.07      0.03   181.49      1.00   2.96254       4     0.077     9.09      22.07    0.99749
 6.90381e-02     0.70    0.64684    0.03912     5.10      0.04   159.04      1.26   3.37972       4     0.088     9.00      22.27    0.99549
 9.57417e-02     0.65    0.60712    0.05024     5.65      0.05   117.46      1.12   2.88380       5     0.094     8.95      22.08    0.99254
 1.27871e-01     0.60    0.57094    0.06250     7.74      0.08    91.03      1.35   3.21383       6     0.152    11.80      28.24    0.98837
 1.66149e-01     0.55    0.53957    0.07602     7.78      0.08    77.10      1.41   2.54463       6     0.191    14.72      36.17    0.98321
 2.11541e-01     0.50    0.50938    0.09070    10.61      0.12    64.30      1.05   2.96567       7     0.226    14.64      28.78    0.97711
 2.65348e-01     0.45    0.48205    0.10694    12.69      0.16    48.41      1.15   2.65367       8     0.259    14.31      30.20    0.96874
 3.29365e-01     0.40    0.45707    0.12491    15.31      0.21    46.24      1.15   2.58762       9     0.310    14.09      36.97    0.95977
 4.06150e-01     0.35    0.43321    0.14505    21.69      0.35    37.75      1.07   2.74905      12     0.330    11.56      27.28    0.94859
 4.99491e-01     0.30    0.40932    0.16757    23.14      0.39    32.24      1.01   2.49272      12     0.337    11.42      23.78    0.93461
 6.15324e-01     0.25    0.38702    0.19347    34.66      0.71    30.61      1.04   2.60426      17     0.391     9.03      24.40    0.91848
 7.63690e-01     0.20    0.36295    0.22245    41.07      0.91    25.74      1.13   2.79604      19     0.561    11.14      31.02    0.89780
 9.63578e-01     0.15    0.33837    0.25763    60.93      1.65    22.42      1.03   3.42358      25     0.604     8.40      24.77    0.87274
 1.25805e+00     0.10    0.30979    0.30028    98.12      3.37    19.80      1.02   2.69602      33     1.015     9.25      23.79    0.83649
 1.78624e+00     0.05    0.27260    0.35819   138.99      5.68    17.25      1.06   2.91922      41     1.548    10.22      24.63    0.78003
