# system = C2H2-gto
# path = examples/gwfn/C2H2/HF/cc-pVQZ/CBCS/Slater
# vmc_method = 1
# steps per point = 1000000
# Performing time-step optimization.
# electrons = 14
# optimized DTVMC = 1.72605e-01
#       dtvmc   target  acc_ratio  diffusion   corr_E  corr_err  corr_r2   corr_TD  variance  decorr  ms_indep  us_move  us_energy  move_frac
 1.49187e-03     0.95    0.92601    0.00135    22.40      0.37  2546.46      3.01  16.51166      12     1.917    64.63     163.81    1.00000
 5.99109e-03     0.90    0.85747    0.00488     7.75      0.08   740.86      1.20  16.81527       6     0.840    63.94     163.88    1.00000
 1.35697e-02     0.85    0.79607    0.01003     5.69      0.05   318.74      1.14  16.26443       5     0.796    76.53     182.37    1.00000
 2.43520e-02     0.80    0.74144    0.01642     5.73      0.05   200.37      1.03  16.23568       5     0.685    63.63     165.82    1.00000
 3.85213e-02     0.75    0.69327    0.02387     5.72      0.05   131.34      1.07  16.62310       5     0.753    68.94     188.44    1.00000
 5.63309e-02     0.70    0.64982    0.03219     6.77      0.06    94.13      1.02  17.13216       5     0.762    61.98     171.46    1.00000
 7.81194e-02     0.65    0.61045    0.04127     9.35      0.10    71.77      1.09  19.29840       7     1.008    66.47     176.44    1.00000
 1.04335e-01     0.60    0.57401    0.05103    11.44      0.13    58.49      1.03  16.76483       7     1.435    86.24     180.95    1.00000
 1.35568e-01     0.55    0.54047    0.06144    11.49      0.13    46.28      1.04  15.13063       8     1.083    60.80     166.59    1.00000
 1.72605e-01     0.50    0.50858    0.07237    15.09      0.20    38.80      1.04  15.89511      10     1.318    59.96     165.87    0.99999
 2.16508e-01     0.45    0.47767    0.08382    20.38      0.32    33.80      1.00  16.22043      12     1.663    59.54     166.29    0.99997
 2.68742e-01     0.40    0.44794    0.09566    20.98      0.33    29.27      1.01  16.41612      12     1.807    63.91     167.80    0.99992
 3.31394e-01     0.35    0.41895    0.10809    33.91      0.69    26.94      1.06  15.74599      17     2.505    58.52     165.73    0.99978
 4.07554e-01     0.30    0.39010    0.12083    40.69      0.90    24.41      1.02  15.37798      19     2.951    59.04     164.49    0.99955
 5.02067e-01     0.25    0.36082    0.13396    45.54      1.07    21.89      1.04  18.16513      21     3.248    57.93     183.75    0.99898
 6.23124e-01     0.20    0.33045    0.14781    61.80      1.68    19.26      1.04  26.05325      25     4.437    61.13     174.66    0.99770
 7.86221e-01     0.15    0.29799    0.16184    71.62      2.10    17.85      1.08  15.13190      27     5.528    67.03     180.85    0.99510
 1.02650e+00     0.10    0.26176    0.17691    91.94      3.06    16.65      1.08  15.83997      33     6.768    64.85     189.89    0.98891
 1.45747e+00     0.05    0.21597    0.19243   168.56      7.59    15.69      1.07  14.92838      50    12.100    65.84     195.73    0.97118
