# system = C2H2-gto
# path = examples/gwfn/C2H2/HF/cc-pVQZ/CBCS/Slater
# vmc_method = 4
# steps per point = 1000000
# Performing time-step optimization.
# electrons = 14
# optimized DTVMC = 1.09911e+00
#       dtvmc   target  acc_ratio  diffusion   corr_E  corr_err  corr_r2   corr_TD  variance  decorr  ms_indep  us_move  us_energy  move_frac
 9.49987e-03     0.95    0.94354    0.00187    62.27      1.71  1094.60      3.63  16.65554      23     6.171    86.36     194.85    1.00000
 3.81498e-02     0.90    0.88820    0.00706    16.38      0.23   297.60      2.04  16.56739       9     1.647    73.29     164.98    1.00000
 8.64085e-02     0.85    0.83410    0.01490     8.31      0.08   145.19      1.10  16.93168       6     0.969    72.75     164.92    1.00000
 1.55067e-01     0.80    0.78166    0.02489     5.50      0.04    81.25      1.31  16.55598       4     0.721    71.67     165.07    1.00000
 2.45294e-01     0.75    0.73046    0.03653     4.39      0.03    59.19      1.20  16.35510       4     0.629    71.69     172.06    1.00000
 3.58701e-01     0.70    0.68136    0.04947     3.83      0.03    44.55      1.01  16.14319       3     0.678    84.73     197.14    1.00000
 4.97445e-01     0.65    0.63378    0.06307     3.61      0.02    33.28      1.13  16.92799       3     0.555    71.49     169.58    1.00000
 6.64378e-01     0.60    0.58772    0.07728     3.74      0.03    28.85      1.14  16.15511       3     0.563    70.59     169.26    1.00000
 8.63262e-01     0.55    0.54312    0.09190     4.10      0.03    24.73      1.07  17.37007       4     0.592    70.18     169.08    0.99999
 1.09911e+00     0.50    0.50050    0.10648     4.52      0.03    21.82      1.04  16.02433       4     0.623    69.47     168.55    0.99995
 1.37867e+00     0.45    0.45907    0.12091     5.31      0.04    19.60      1.02  16.15393       4     0.677    67.63     164.33    0.99987
 1.71128e+00     0.40    0.42014    0.13515     7.63      0.07    18.59      1.03  17.17329       6     0.856    66.60     164.79    0.99962
 2.11023e+00     0.35    0.38244    0.14918     7.36      0.07    17.22      1.02  16.77674       6     0.833    66.17     165.09    0.99906
 2.59520e+00     0.30    0.34591    0.16313    10.83      0.12    16.05      1.08  18.31655       7     1.093    65.60     164.19    0.99788
 3.19704e+00     0.25    0.31025    0.17647    11.91      0.14    15.34      1.03  16.00872       8     1.358    75.82     190.75    0.99510
 3.96790e+00     0.20    0.27507    0.18990    15.03      0.20    15.65      1.01  17.92674       9     1.392    64.74     164.83    0.98995
 5.00646e+00     0.15    0.23892    0.20132    18.77      0.28    15.59      1.01  15.31311      11     1.650    64.20     164.26    0.97950
 6.53647e+00     0.10    0.20054    0.21130    25.78      0.45    16.86      1.06  16.44348      13     2.123    63.43     164.17    0.95800
 9.28079e+00     0.05    0.15483    0.21287    43.48      0.99    18.75      1.03  15.23738      19     3.288    62.50     164.37    0.90621
