# system = CH4-gto
# path = examples/gwfn/CH4/HF/cc-pVQZ/CBCS/Slater
# vmc_method = 1
# steps per point = 1000000
# Performing time-step optimization.
# electrons = 10
# optimized DTVMC = 2.45493e-01
#       dtvmc   target  acc_ratio  diffusion   corr_E  corr_err  corr_r2   corr_TD  variance  decorr  ms_indep  us_move  us_energy  move_frac
 2.12186e-03     0.95    0.92641    0.00192    18.98      0.29  1953.75      2.30   8.76019      11     1.378    53.31     133.91    1.00000
 8.52101e-03     0.90    0.85913    0.00696     7.05      0.07   472.13      1.32   9.36479       6     0.622    50.41     129.47    1.00000
 1.92999e-02     0.85    0.79927    0.01435     5.96      0.05   233.27      1.24   8.55046       5     0.540    49.08     127.28    1.00000
 3.46354e-02     0.80    0.74601    0.02356     6.83      0.06   141.00      1.01   9.20975       6     0.617    46.32     159.49    1.00000
 5.47882e-02     0.75    0.69783    0.03420     7.05      0.07    99.44      1.23   8.53923       5     0.614    51.20     120.64    1.00000
 8.01183e-02     0.70    0.65419    0.04606     8.09      0.08    67.52      1.13   8.50700       6     0.643    45.91     131.03    0.99999
 1.11108e-01     0.65    0.61380    0.05878    10.82      0.12    55.46      1.06   8.28507       8     0.795    46.92     125.14    0.99997
 1.48393e-01     0.60    0.57606    0.07223    16.61      0.24    46.72      1.14   9.17173      10     1.131    47.89     131.10    0.99994
 1.92815e-01     0.55    0.54036    0.08617    16.61      0.24    37.65      1.10  10.19411      10     1.086    45.15     133.99    0.99983
 2.45493e-01     0.50    0.50591    0.10050    19.02      0.29    31.97      1.00   7.29977      11     1.280    48.86     130.17    0.99952
 3.07935e-01     0.45    0.47272    0.11495    29.92      0.57    27.76      1.11   8.70082      15     1.853    48.56     130.17    0.99906
 3.82227e-01     0.40    0.44018    0.12944    26.75      0.48    25.55      1.07   7.52117      14     1.710    49.26     132.01    0.99804
 4.71335e-01     0.35    0.40811    0.14389    53.38      1.35    22.61      1.02   8.80662      23     2.972    46.66     133.98    0.99634
 5.79656e-01     0.30    0.37565    0.15763    50.98      1.26    20.92      1.01   7.73606      22     2.981    48.87     136.90    0.99307
 7.14081e-01     0.25    0.34319    0.17122    67.29      1.92    19.37      1.00   8.80566      26     3.882    50.01     129.23    0.98781
 8.86258e-01     0.20    0.30996    0.18435   122.46      4.70    17.64      1.07  10.63065      40     5.661    41.70     118.25    0.97905
 1.11823e+00     0.15    0.27494    0.19627   148.34      6.26    16.85      1.19   8.73369      45     6.678    41.08     117.21    0.96340
 1.45996e+00     0.10    0.23577    0.20590   134.82      5.42    16.39      1.07   8.62966      43     5.753    38.67     112.01    0.93655
 2.07293e+00     0.05    0.18811    0.21172   237.07     12.65    17.01      1.02   8.61803      63     9.629    37.92     111.58    0.87869
