# system = CH4-gto
# path = examples/gwfn/CH4/HF/cc-pVQZ/CBCS/Slater
# vmc_method = 4
# steps per point = 1000000
# Performing time-step optimization.
# electrons = 10
# optimized DTVMC = 1.11675e+00
#       dtvmc   target  acc_ratio  diffusion   corr_E  corr_err  corr_r2   corr_TD  variance  decorr  ms_indep  us_move  us_energy  move_frac
 9.65236e-03     0.95    0.94406    0.00241    57.82      1.52  1049.99      3.04   8.66661      22     3.414    51.27     111.79    1.00000
 3.87622e-02     0.90    0.88913    0.00901    17.00      0.24   254.49      2.05   8.39745      10     1.170    50.74     111.70    1.00000
 8.77955e-02     0.85    0.83519    0.01888     8.49      0.09   122.01      1.73   8.54719       6     0.677    50.28     111.60    1.00000
 1.57557e-01     0.80    0.78225    0.03129     5.56      0.05    73.55      1.23   8.85261       4     0.501    49.91     111.75    1.00000
 2.49232e-01     0.75    0.73167    0.04551     4.03      0.03    52.17      1.09   9.24501       4     0.404    49.54     111.80    1.00000
 3.64459e-01     0.70    0.68225    0.06126     3.89      0.03    40.91      1.14   8.65812       4     0.394    49.10     111.77    1.00000
 5.05430e-01     0.65    0.63430    0.07773     3.62      0.02    31.69      1.12   8.65674       3     0.373    48.67     111.78    0.99996
 6.75042e-01     0.60    0.58788    0.09434     3.75      0.03    27.42      1.18   8.94712       3     0.381    48.34     111.86    0.99988
 8.77119e-01     0.55    0.54323    0.11091     4.00      0.03    24.32      1.10   9.01191       4     0.395    48.03     111.90    0.99967
 1.11675e+00     0.50    0.50004    0.12750     4.45      0.03    21.34      1.25   8.29962       4     0.419    47.67     112.20    0.99912
 1.40080e+00     0.45    0.45833    0.14308     4.50      0.03    18.57      1.02   9.12696       4     0.418    47.20     111.84    0.99813
 1.73875e+00     0.40    0.41839    0.15838     8.21      0.08    17.80      1.07   9.82398       6     0.628    46.84     111.99    0.99595
 2.14411e+00     0.35    0.37981    0.17271     7.36      0.07    17.14      1.06   8.15834       6     0.579    46.52     111.82    0.99226
 2.63686e+00     0.30    0.34240    0.18623     9.37      0.10    16.62      1.01   8.62311       7     0.686    46.17     112.12    0.98589
 3.24836e+00     0.25    0.30542    0.19814    12.16      0.15    16.47      1.09   8.90153       8     0.827    45.76     111.95    0.97474
 4.03159e+00     0.20    0.26924    0.20912    15.55      0.21    16.65      1.03  10.03248       9     0.998    45.46     112.03    0.95775
 5.08683e+00     0.15    0.23193    0.21753    18.71      0.28    17.09      1.06   8.06621      11     1.147    44.98     112.12    0.92949
 6.64139e+00     0.10    0.19216    0.22077    25.28      0.44    18.71      1.01   7.92492      13     1.459    44.53     111.98    0.88078
 9.42976e+00     0.05    0.14508    0.21238    35.74      0.74    21.94      1.09   7.47879      17     1.942    43.99     111.98    0.78914
