# system = He-gto
# path = examples/gwfn/He/HF/cc-pVQZ/CBCS/Slater
# vmc_method = 4
# steps per point = 1000000
# Performing time-step optimization.
# electrons = 2
# optimized DTVMC = 5.21797e-01
#       dtvmc   target  acc_ratio  diffusion   corr_E  corr_err  corr_r2   corr_TD  variance  decorr  ms_indep  us_move  us_energy  move_frac
 4.51004e-03     0.95    0.94550    0.00198   103.63      3.66   727.42    640.08   0.56254      33     0.885     7.72      17.82    0.99702
 1.81115e-02     0.90    0.89169    0.00748    27.62      0.50   196.77    164.95   0.55089      15     0.283     7.78      23.77    0.98842
 4.10222e-02     0.85    0.83935    0.01569    13.10      0.16   102.15     80.86   0.57515      10     0.103     4.73      19.10    0.97430
 7.36178e-02     0.80    0.78769    0.02593     8.16      0.08    64.43     48.47   0.56869       6     0.067     4.72      14.02    0.95514
 1.16453e-01     0.75    0.73729    0.03806     5.71      0.05    47.82     35.37   0.60416       5     0.064     6.26      14.22    0.93065
 1.70292e-01     0.70    0.68852    0.05118     4.48      0.03    36.32     27.32   0.59835       4     0.044     4.49      13.95    0.90306
 2.36161e-01     0.65    0.63954    0.06543     4.00      0.03    29.90     22.53   0.56046       4     0.042     4.55      13.97    0.87016
 3.15411e-01     0.60    0.59231    0.07927     3.34      0.02    25.27     19.50   0.62094       3     0.043     5.77      14.03    0.83377
 4.09831e-01     0.55    0.54637    0.09386     3.48      0.02    22.42     18.11   0.57477       4     0.062     7.20      22.93    0.79398
 5.21797e-01     0.50    0.50123    0.10736     3.41      0.02    20.40     16.97   0.51346       3     0.037     4.28      14.17    0.75167
 6.54519e-01     0.45    0.45550    0.11956     3.59      0.02    20.07     16.75   0.56462       3     0.048     6.51      14.40    0.70346
 8.12427e-01     0.40    0.41058    0.13052     3.96      0.03    19.30     17.49   0.61420       4     0.040     4.23      14.42    0.65238
 1.00183e+00     0.35    0.36648    0.13883     4.25      0.03    18.59     18.33   0.56297       4     0.041     4.18      14.45    0.59850
 1.23207e+00     0.30    0.32245    0.14231     5.06      0.04    19.04     20.46   0.58067       5     0.046     4.12      14.88    0.54087
 1.51779e+00     0.25    0.27889    0.14210     5.98      0.05    19.90     23.03   0.57298       5     0.078     6.43      22.19    0.48017
 1.88375e+00     0.20    0.23627    0.13861     7.12      0.07    22.56     27.71   0.54882       6     0.055     3.88      15.18    0.41679
 2.37680e+00     0.15    0.19365    0.13128     9.06      0.10    25.44     34.28   0.52410       7     0.064     3.87      15.61    0.34991
 3.10317e+00     0.10    0.15139    0.11759    11.99      0.14    30.33     44.99   0.50024       8     0.078     3.81      16.40    0.28020
 4.40603e+00     0.05    0.10505    0.09623    19.13      0.29    41.81     68.68   0.50622      12     0.112     3.80      17.68    0.19911
