# system = He-gto
# path = examples/gwfn/He/HF/cc-pVQZ/CBCS/Slater
# vmc_method = 1
# steps per point = 1000000
# Performing time-step optimization.
# electrons = 2
# optimized DTVMC = 2.12902e-01
#       dtvmc   target  acc_ratio  diffusion   corr_E  corr_err  corr_r2   corr_TD  variance  decorr  ms_indep  us_move  us_energy  move_frac
 1.84017e-03     0.95    0.94258    0.00170    85.44      2.74  1402.04    705.95   0.59556      33     0.690     7.00      22.80    0.99673
 7.38980e-03     0.90    0.88589    0.00628    22.09      0.36   428.45    217.61   0.60183      13     0.130     4.23      13.86    0.98709
 1.67377e-02     0.85    0.83088    0.01302    12.37      0.15   173.11     95.31   0.55320       8     0.125     6.79      16.95    0.97123
 3.00373e-02     0.80    0.77770    0.02130     7.96      0.08   103.53     60.14   0.54420       7     0.059     4.04      13.61    0.95032
 4.75147e-02     0.75    0.72594    0.03062     5.90      0.05    77.99     44.73   0.55958       5     0.048     3.98      13.58    0.92504
 6.94822e-02     0.70    0.67632    0.04059     5.04      0.04    58.03     35.57   0.54554       5     0.044     3.95      13.68    0.89545
 9.63576e-02     0.65    0.62983    0.05100     4.33      0.03    46.60     28.27   0.52877       4     0.040     3.91      13.73    0.86333
 1.28693e-01     0.60    0.58386    0.06113     4.11      0.03    38.77     24.89   0.56339       4     0.063     6.28      22.74    0.82667
 1.67218e-01     0.55    0.54039    0.07145     4.12      0.03    33.09     22.35   0.53113       4     0.063     6.23      22.87    0.78856
 2.12902e-01     0.50    0.49744    0.08090     4.12      0.03    29.18     21.16   0.57041       4     0.038     3.74      14.08    0.74739
 2.67055e-01     0.45    0.45823    0.09023     4.15      0.03    26.77     20.55   0.54991       4     0.063     6.04      23.45    0.70663
 3.31484e-01     0.40    0.41870    0.09863     4.70      0.04    23.75     19.80   0.53675       5     0.041     3.67      14.35    0.66188
 4.08762e-01     0.35    0.38061    0.10600     5.15      0.04    22.39     20.41   0.56983       5     0.043     3.59      14.48    0.61626
 5.02704e-01     0.30    0.34361    0.11302     5.63      0.05    20.99     21.60   0.58885       5     0.045     3.53      14.57    0.56923
 6.19282e-01     0.25    0.30639    0.11822     7.16      0.07    21.04     23.78   0.52061       6     0.051     3.46      14.63    0.51883
 7.68602e-01     0.20    0.27011    0.12195     8.97      0.09    21.07     26.61   0.53479       7     0.094     5.61      22.63    0.46742
 9.69776e-01     0.15    0.23189    0.12368    11.12      0.13    21.23     31.45   0.58653       9     0.069     3.42      15.80    0.40997
 1.26615e+00     0.10    0.19170    0.12210    12.37      0.15    22.72     39.12   0.51908       9     0.071     3.27      15.32    0.34668
 1.79773e+00     0.05    0.14533    0.11572    26.36      0.47    27.16     56.94   0.60519      17     0.124     3.20      16.19    0.26956
