# system = N-gto
# path = examples/gwfn/N/HF/cc-pVQZ/CBCS/Slater
# vmc_method = 1
# steps per point = 1000000
# Performing time-step optimization.
# electrons = 7
# optimized DTVMC = 1.17496e-01
#       dtvmc   target  acc_ratio  diffusion   corr_E  corr_err  corr_r2   corr_TD  variance  decorr  ms_indep  us_move  us_energy  move_frac
 1.01555e-03     0.95    0.92641    0.00092    18.95      0.29  3289.18      1.12  11.08822       9     0.622    26.18      39.51    1.00000
 4.07825e-03     0.90    0.85858    0.00333     6.71      0.06   789.47      1.40  11.66381       5     0.196    18.39      32.59    1.00000
 9.23716e-03     0.85    0.79707    0.00684     5.01      0.04   399.69      1.08  11.03803       4     0.149    16.15      35.25    0.99999
 1.65769e-02     0.80    0.74223    0.01119     4.42      0.03   230.74      1.11  12.11930       4     0.140    17.38      31.98    0.99998
 2.62222e-02     0.75    0.69376    0.01625     5.08      0.04   166.35      1.10  11.14858       4     0.161    18.01      34.39    0.99993
 3.83455e-02     0.70    0.65017    0.02190     6.64      0.06   116.94      1.04  11.25701       5     0.190    17.14      36.20    0.99978
 5.31774e-02     0.65    0.61038    0.02805     7.95      0.08    86.36      1.05  10.64272       6     0.201    15.89      33.28    0.99950
 7.10227e-02     0.60    0.57368    0.03471     8.97      0.09    73.36      1.01  10.93440       6     0.223    16.65      30.80    0.99897
 9.22836e-02     0.55    0.54060    0.04184    14.70      0.20    58.77      1.05  11.53512       9     0.296    14.58      30.61    0.99806
 1.17496e-01     0.50    0.50842    0.04928    16.71      0.24    52.24      1.01  10.62537       9     0.333    14.81      30.63    0.99669
 1.47381e-01     0.45    0.47826    0.05717    18.43      0.27    41.79      1.01  10.21632      10     0.358    14.46      32.52    0.99441
 1.82938e-01     0.40    0.44817    0.06529    23.69      0.40    38.74      1.03  11.31127      12     0.434    14.36      30.45    0.99091
 2.25586e-01     0.35    0.41973    0.07395    28.69      0.53    32.93      1.02  10.15842      14     0.548    15.39      32.65    0.98548
 2.77430e-01     0.30    0.39098    0.08275    38.83      0.84    29.90      1.00  11.45607      17     0.683    14.48      34.95    0.97851
 3.41767e-01     0.25    0.36208    0.09198    67.83      1.94    26.69      1.01  24.93245      26     1.075    13.77      34.91    0.96833
 4.24173e-01     0.20    0.33160    0.10130    60.11      1.62    23.82      1.06  10.80309      23     0.965    13.87      33.38    0.95317
 5.35196e-01     0.15    0.29945    0.11099    60.07      1.61    21.48      1.06   9.20213      23     0.935    13.51      30.80    0.93131
 6.98756e-01     0.10    0.26351    0.12130    92.62      3.09    20.47      1.04  11.42318      32     1.415    13.58      35.86    0.89725
 9.92126e-01     0.05    0.21745    0.13133   190.33      9.10    19.49      1.14  10.97440      50     2.760    13.54      31.86    0.83396
