# system = N-gto
# path = examples/gwfn/N/HF/cc-pVQZ/CBCS/Slater
# vmc_method = 4
# steps per point = 1000000
# Performing time-step optimization.
# electrons = 7
# optimized DTVMC = 1.09352e+00
#       dtvmc   target  acc_ratio  diffusion   corr_E  corr_err  corr_r2   corr_TD  variance  decorr  ms_indep  us_move  us_energy  move_frac
 9.45156e-03     0.95    0.94354    0.00133    49.35      1.20  1302.01      2.30  12.07396      18     1.036    18.42      30.48    1.00000
 3.79558e-02     0.90    0.88821    0.00507     8.77      0.09   307.82      2.01  17.16294       6     0.238    18.44      31.45    1.00000
 8.59690e-02     0.85    0.83396    0.01074     7.81      0.08   152.51      1.44  10.95950       5     0.233    20.29      31.06    0.99999
 1.54279e-01     0.80    0.78154    0.01799     5.29      0.04    86.00      1.30  11.11016       4     0.170    19.23      32.29    0.99999
 2.44047e-01     0.75    0.73009    0.02650     4.05      0.03    63.14      1.31  11.23642       3     0.128    17.09      30.25    0.99991
 3.56877e-01     0.70    0.68084    0.03582     3.66      0.02    46.47      1.27  11.25961       3     0.118    16.86      30.33    0.99976
 4.94915e-01     0.65    0.63299    0.04604     3.62      0.02    38.39      1.32  10.99213       3     0.116    16.62      30.34    0.99928
 6.60999e-01     0.60    0.58678    0.05652     3.50      0.02    31.19      1.09  11.93960       3     0.112    16.43      30.34    0.99841
 8.58871e-01     0.55    0.54199    0.06737     4.26      0.03    27.06      1.09  12.41590       4     0.128    16.22      30.31    0.99665
 1.09352e+00     0.50    0.49930    0.07829     5.08      0.04    24.07      1.04  11.21341       4     0.142    15.95      30.38    0.99349
 1.37166e+00     0.45    0.45854    0.08931     5.35      0.04    22.25      1.07  11.75216       4     0.146    15.71      30.31    0.98850
 1.70258e+00     0.40    0.41902    0.10043     7.55      0.07    20.84      1.09  13.59370       5     0.185    15.51      30.20    0.98091
 2.09950e+00     0.35    0.38152    0.11113     8.12      0.08    19.74      1.09  11.23790       6     0.194    15.31      30.24    0.96963
 2.58201e+00     0.30    0.34517    0.12179     9.89      0.11    19.06      1.07  11.43241       6     0.227    15.46      30.77    0.95396
 3.18078e+00     0.25    0.30988    0.13267    12.42      0.15    18.53      1.04  10.70215       8     0.298    16.80      35.20    0.93163
 3.94772e+00     0.20    0.27369    0.14175    14.96      0.20    18.28      1.02  10.09446       9     0.320    15.29      34.88    0.89992
 4.98100e+00     0.15    0.23715    0.14953    23.65      0.40    18.62      1.01  10.34453      12     0.539    17.82      38.52    0.85613
 6.50323e+00     0.10    0.19654    0.15172    25.94      0.46    20.66      1.06  10.90668      13     0.578    17.74      37.11    0.78970
 9.23359e+00     0.05    0.14790    0.14456    72.53      2.14    24.43      1.08  14.06325      26     1.387    16.91      37.14    0.67680
