# system = Ne-gto
# path = examples/gwfn/Ne/HF/cc-pVQZ/CBCS/Slater
# vmc_method = 4
# steps per point = 1000000
# Performing time-step optimization.
# electrons = 10
# optimized DTVMC = 1.11674e+00
#       dtvmc   target  acc_ratio  diffusion   corr_E  corr_err  corr_r2   corr_TD  variance  decorr  ms_indep  us_move  us_energy  move_frac
 9.65230e-03     0.95    0.94468    0.00072    61.46      1.67  1244.80      2.01  31.97635      21     2.194    31.90      51.86    1.00000
 3.87619e-02     0.90    0.88952    0.00272    16.10      0.22   335.60      1.33  31.07803       8     0.645    30.88      49.60    1.00000
 8.77949e-02     0.85    0.83590    0.00571     8.78      0.09   160.46      1.60  31.49448       6     0.395    30.44      52.35    1.00000
 1.57555e-01     0.80    0.78321    0.00956     5.74      0.05    96.51      1.16  31.27178       4     0.283    30.20      50.93    1.00000
 2.49230e-01     0.75    0.73217    0.01403     4.49      0.03    68.56      1.00  31.45047       4     0.237    30.24      49.66    1.00000
 3.64457e-01     0.70    0.68253    0.01889     3.92      0.03    54.87      1.12  31.42119       3     0.219    30.15      52.73    0.99999
 5.05427e-01     0.65    0.63438    0.02418     3.01      0.02    41.99      1.14  49.60589       3     0.183    29.90      52.25    0.99996
 6.75037e-01     0.60    0.58807    0.02963     3.69      0.03    35.42      1.01  31.31691       3     0.211    30.52      52.41    0.99988
 8.77113e-01     0.55    0.54316    0.03511     3.98      0.03    29.52      1.10  32.05557       3     0.214    28.62      52.49    0.99967
 1.11674e+00     0.50    0.49962    0.04056     4.28      0.03    27.62      1.00  32.20791       3     0.212    27.45      47.64    0.99919
 1.40079e+00     0.45    0.45853    0.04604     5.04      0.04    25.59      1.03  31.23212       4     0.209    23.79      44.27    0.99817
 1.73874e+00     0.40    0.41873    0.05126     5.61      0.05    23.28      1.00  35.41884       4     0.224    23.43      44.42    0.99616
 2.14409e+00     0.35    0.38026    0.05635     6.75      0.06    21.69      1.04  29.55739       5     0.255    23.38      44.31    0.99230
 2.63684e+00     0.30    0.34273    0.06115     7.99      0.08    21.06      1.07  30.33092       6     0.283    22.75      44.34    0.98581
 3.24834e+00     0.25    0.30664    0.06583     9.47      0.10    19.99      1.03  28.72057       6     0.318    22.41      44.46    0.97495
 4.03157e+00     0.20    0.26989    0.06981    15.24      0.21    20.98      1.06  34.65991       9     0.462    22.33      44.46    0.95765
 5.08679e+00     0.15    0.23242    0.07296    15.24      0.21    21.30      1.05  29.81119       9     0.532    25.55      52.65    0.92888
 6.64135e+00     0.10    0.19204    0.07436    19.45      0.30    22.99      1.06  28.77313      10     0.635    25.08      49.91    0.88050
 9.42970e+00     0.05    0.14418    0.07126    32.46      0.64    27.29      1.00  30.80131      15     0.946    23.96      49.11    0.78655
