# system = Ne-gto
# path = examples/gwfn/Ne/HF/cc-pVQZ/CBCS/Slater
# vmc_method = 1
# steps per point = 1000000
# Performing time-step optimization.
# electrons = 10
# optimized DTVMC = 6.92546e-02
#       dtvmc   target  acc_ratio  diffusion   corr_E  corr_err  corr_r2   corr_TD  variance  decorr  ms_indep  us_move  us_energy  move_frac
 5.98586e-04     0.95    0.92875    0.00054    26.32      0.47  2861.25      2.97  31.53353      11     0.916    29.00      43.14    1.00000
 2.40382e-03     0.90    0.86254    0.00197     8.76      0.09   891.90      1.74  32.62036       6     0.312    23.86      43.24    1.00000
 5.44459e-03     0.85    0.80225    0.00406     6.12      0.05   413.16      1.29  30.86264       5     0.236    23.37      43.21    1.00000
 9.77079e-03     0.80    0.74847    0.00666     5.31      0.04   218.17      1.20  32.76587       4     0.210    22.97      43.15    1.00000
 1.54560e-02     0.75    0.69949    0.00965     5.66      0.05   165.82      1.09  32.92595       4     0.218    22.61      43.34    1.00000
 2.26017e-02     0.70    0.65518    0.01297     6.60      0.06   116.56      1.06  32.44283       5     0.241    22.24      43.63    0.99999
 3.13440e-02     0.65    0.61410    0.01655     8.29      0.08    91.69      1.08  36.90857       6     0.281    21.96      42.97    0.99997
 4.18624e-02     0.60    0.57526    0.02032     8.66      0.09    75.71      1.03  30.46568       6     0.286    21.52      42.92    0.99991
 5.43941e-02     0.55    0.53968    0.02428    10.05      0.11    61.11      1.09  28.60131       7     0.318    21.28      42.91    0.99979
 6.92546e-02     0.50    0.50559    0.02840    15.16      0.20    51.54      1.01  30.33067       9     0.435    20.97      43.12    0.99953
 8.68698e-02     0.45    0.47269    0.03257    16.46      0.23    44.99      1.01  31.01199       9     0.460    20.71      42.96    0.99896
 1.07828e-01     0.40    0.44077    0.03686    18.64      0.28    39.02      1.04  28.44573      10     0.505    20.48      43.00    0.99806
 1.32966e-01     0.35    0.40935    0.04111    35.82      0.74    34.71      1.04  33.18041      16     0.874    20.20      43.44    0.99631
 1.63524e-01     0.30    0.37835    0.04546    30.01      0.57    30.41      1.03  34.03245      14     0.739    19.93      42.87    0.99343
 2.01445e-01     0.25    0.34680    0.04976    75.93      2.30    28.13      1.09  38.18482      26     1.680    19.64      42.92    0.98864
 2.50017e-01     0.20    0.31501    0.05410    42.57      0.97    25.15      1.03  29.96308      18     0.982    19.41      42.96    0.98054
 3.15457e-01     0.15    0.28076    0.05825    57.14      1.50    23.32      1.09  29.58460      21     1.617    24.69      50.60    0.96649
 4.11863e-01     0.10    0.24342    0.06232    67.14      1.91    22.74      1.01  27.08123      25     1.740    22.72      51.59    0.94221
 5.84782e-01     0.05    0.19714    0.06597   127.71      5.00    21.99      1.10  33.89101      38     3.078    22.04      52.22    0.89214
