# system = O3-gto
# path = examples/gwfn/O3/HF/cc-pVQZ/CBCS/Slater
# vmc_method = 1
# steps per point = 1000000
# Performing time-step optimization.
# electrons = 24
# optimized DTVMC = 9.81663e-02
#       dtvmc   target  acc_ratio  diffusion   corr_E  corr_err  corr_r2   corr_TD  variance  decorr  ms_indep  us_move  us_energy  move_frac
 8.48478e-04     0.95    0.92715    0.00077    23.45      0.39  2594.34      1.63  51.40243      13     4.134   134.16     340.09    1.00000
 3.40734e-03     0.90    0.85942    0.00278     8.07      0.08   757.77      1.15  53.09457       6     1.836   136.64     343.47    1.00000
 7.71755e-03     0.85    0.79889    0.00573     5.80      0.05   394.62      1.09  52.17280       5     1.431   133.65     335.66    1.00000
 1.38498e-02     0.80    0.74441    0.00938     5.36      0.04   200.71      1.22  51.23034       4     1.322   131.34     318.85    1.00000
 2.19084e-02     0.75    0.69601    0.01363     5.75      0.05   146.47      1.08  49.08731       5     1.327   123.64     318.21    1.00000
 3.20373e-02     0.70    0.65186    0.01833     7.00      0.06    98.66      1.00  54.36935       6     1.632   125.67     385.33    1.00000
 4.44292e-02     0.65    0.61184    0.02346     8.58      0.09    80.14      1.05  51.76969       6     2.003   141.69     363.23    1.00000
 5.93387e-02     0.60    0.57476    0.02894    10.48      0.12    60.79      1.03  49.75459       7     2.291   138.40     371.15    1.00000
 7.71020e-02     0.55    0.53995    0.03472    12.38      0.15    50.79      1.03  55.19296       8     2.606   141.49     353.30    1.00000
 9.81663e-02     0.50    0.50725    0.04078    14.74      0.20    41.18      1.03  47.82565       9     2.953   138.25     365.59    1.00000
 1.23135e-01     0.45    0.47568    0.04708    18.41      0.27    37.23      1.04  46.62453      11     3.523   139.36     353.94    1.00000
 1.52843e-01     0.40    0.44538    0.05361    27.00      0.49    32.45      1.02  53.16608      14     5.157   146.71     404.67    1.00000
 1.88475e-01     0.35    0.41531    0.06033    34.57      0.71    28.30      1.04  60.44421      17     6.193   143.44     383.65    1.00000
 2.31790e-01     0.30    0.38566    0.06719    36.41      0.76    25.04      1.03  48.67251      17     6.301   141.33     343.38    0.99999
 2.85543e-01     0.25    0.35575    0.07434    46.80      1.11    22.48      1.06  49.41193      21     7.235   127.73     363.22    0.99999
 3.54392e-01     0.20    0.32504    0.08172    50.50      1.24    20.53      1.02  48.31221      22     7.594   125.03     363.67    0.99995
 4.47151e-01     0.15    0.29238    0.08941    66.25      1.87    18.20      1.02  44.15293      25    10.273   134.95     328.80    0.99984
 5.83803e-01     0.10    0.25607    0.09749   103.82      3.66    17.43      1.00  48.39046      35    15.059   129.63     355.81    0.99940
 8.28911e-01     0.05    0.21085    0.10624   137.43      5.58    16.09      1.07  55.99082      43    16.503   108.90     318.89    0.99702
