# system = O3-gto
# path = examples/gwfn/O3/HF/cc-pVQZ/CBCS/Slater
# vmc_method = 4
# steps per point = 1000000
# Performing time-step optimization.
# electrons = 24
# optimized DTVMC = 1.11248e+00
#       dtvmc   target  acc_ratio  diffusion   corr_E  corr_err  corr_r2   corr_TD  variance  decorr  ms_indep  us_move  us_energy  move_frac
 9.61548e-03     0.95    0.94388    0.00103    57.66      1.52  1359.89      2.72  51.78359      22     9.330   139.98     317.06    1.00000
 3.86141e-02     0.90    0.88865    0.00390    16.26      0.23   356.76      1.26  50.74583       9     3.100   138.28     316.97    1.00000
 8.74601e-02     0.85    0.83457    0.00824     8.44      0.09   173.49      1.15  51.13649       6     1.850   136.29     316.91    1.00000
 1.56955e-01     0.80    0.78208    0.01377     5.77      0.05    98.53      1.36  49.41819       5     1.407   134.64     316.84    1.00000
 2.48280e-01     0.75    0.73112    0.02024     4.35      0.03    68.60      1.15  51.86704       4     1.346   153.62     371.84    1.00000
 3.63067e-01     0.70    0.68161    0.02736     3.79      0.03    51.41      1.00  51.40457       4     1.233   148.49     384.84    1.00000
 5.03499e-01     0.65    0.63370    0.03496     3.61      0.02    40.99      1.06  52.93369       3     1.158   145.26     366.02    1.00000
 6.72463e-01     0.60    0.58752    0.04287     3.87      0.03    32.90      1.00  52.43456       4     1.067   129.53     318.73    1.00000
 8.73768e-01     0.55    0.54304    0.05103     4.05      0.03    27.54      1.11  50.23203       4     1.280   150.91     376.32    1.00000
 1.11248e+00     0.50    0.50034    0.05911     4.65      0.04    24.67      1.08  51.52274       4     1.372   153.22     351.42    1.00000
 1.39545e+00     0.45    0.45903    0.06725     5.34      0.04    21.87      1.05  62.17206       4     1.369   136.67     329.29    1.00000
 1.73211e+00     0.40    0.42008    0.07524     6.14      0.05    19.67      1.02  51.03110       5     1.394   124.58     319.25    1.00000
 2.13591e+00     0.35    0.38225    0.08313     7.33      0.07    17.75      1.05  54.86994       6     1.570   123.46     322.32    1.00000
 2.62679e+00     0.30    0.34572    0.09092     9.69      0.11    16.79      1.01  50.01657       7     2.159   137.71     374.47    0.99998
 3.23595e+00     0.25    0.30985    0.09831    11.08      0.13    15.99      1.03  49.38689       8     2.197   128.36     333.57    0.99987
 4.01619e+00     0.20    0.27450    0.10567    13.62      0.18    15.42      1.03  48.15694       9     2.402   119.45     317.72    0.99962
 5.06739e+00     0.15    0.23803    0.11187    17.42      0.25    15.21      1.01  51.15748      11     3.199   128.75     373.99    0.99860
 6.61602e+00     0.10    0.19923    0.11688    27.00      0.49    15.57      1.01  50.54504      14     4.583   130.33     360.10    0.99523
 9.39373e+00     0.05    0.15309    0.11750    51.49      1.28    16.68      1.07  52.16472      22     8.159   132.51     373.53    0.98116
